sentence_id	token_id	token	surprisal
1	1	<|endoftext|>	0.000000
1	2	Ġbee	23.629046
1	3	keeping	4.228593
1	4	Ġconservation	10.747170
1	5	Ġhabitats	14.792244
1	6	.	2.805186
1	7	Ġit	13.992409
1	8	Ġbee	11.891615
1	9	keeper	2.990949
1	10	Ġinterest	12.251241
1	11	Ġplants	15.106214
1	12	Ġpollen	14.665979
1	13	.	4.462436
1	14	Ġform	13.841736
1	15	Ġagriculture	10.693165
1	16	Ġit	10.893649
1	17	Ġvegetation	11.715129
1	18	Ġway	12.805542
1	19	Ġcrops	7.689635
1	20	.	3.292427
1	21	Ġbee	5.084074
1	22	keepers	3.187941
1	23	Ġuse	6.484415
1	24	Ġpesticides	4.982631
1	25	Ġcrops	12.138794
1	26	Ġthey	7.998840
1	27	Ġhoney	8.444380
1	28	bees	3.140690
1	29	.	4.320926
2	1	<|endoftext|>	0.000000
2	2	Ġbee	23.629046
2	3	keepers	2.784698
2	4	Ġextremes	23.001456
2	5	Ġtheir	8.880991
2	6	Ġcraft	11.883374
2	7	Ġtheir	14.151939
2	8	Ġproduct	7.485372
2	9	Ġeffort	14.779868
2	10	.	2.828420
2	11	Ġhoney	15.045342
2	12	Ġmaking	12.840584
2	13	Ġquality	11.763242
2	14	Ġcharacter	16.297841
2	15	Ġquantity	19.559482
2	16	Ġconsistency	11.605891
2	17	.	5.609801
2	18	Ġhoney	6.625431
2	19	Ġbee	5.655019
2	20	keepers	6.148157
2	21	Ġmic	13.701522
2	22	roman	0.272408
2	23	agers	7.595674
2	24	Ġtheir	6.205319
2	25	Ġhoney	6.084579
2	26	bees	7.925870
2	27	.	3.226371
2	28	Ġthey	6.282003
2	29	Ġfields	17.070576
2	30	Ġn	12.698517
2	31	ectar	0.728410
2	32	Ġways	14.249196
2	33	Ġhoney	5.399312
2	34	.	9.388814
3	1	<|endoftext|>	0.000000
3	2	Ġbee	23.629046
3	3	keeper	2.391164
3	4	Ġhum	16.552225
3	5	Ġbees	16.344662
3	6	Ġair	13.626699
3	7	.	6.108006
3	8	Ġbee	8.428908
3	9	keeper	1.255710
3	10	Ġhoney	6.830035
3	11	Ġstores	15.492994
3	12	Ġpollen	10.678332
3	13	Ġsupplies	10.720744
3	14	Ġbee	5.497708
3	15	Ġnursery	14.010585
3	16	.	3.539781
3	17	Ġbees	3.302603
3	18	Ġcrawl	12.441226
3	19	Ġhis	12.196496
3	20	Ġarms	11.076900
3	21	Ġhands	13.135253
3	22	Ġthey	13.700785
3	23	Ġthey	10.795778
3	24	.	8.045163
4	1	<|endoftext|>	0.000000
4	2	Ġi	15.053864
4	3	Ġdream	15.555562
4	4	Ġexams	21.252577
4	5	Ġi	5.146238
4	6	Ġcollege	15.291477
4	7	.	7.386220
4	8	Ġmy	5.415321
4	9	Ġdream	2.955212
4	10	Ġit	10.921950
4	11	Ġday	12.532992
4	12	Ġmy	8.328730
4	13	Ġexam	7.457996
4	14	Ġi	4.065442
4	15	Ġi	8.143404
4	16	Ġclass	10.403165
4	17	.	2.601643
4	18	Ġi	1.814028
4	19	Ġreading	14.191807
4	20	Ġassignments	10.331650
4	21	.	1.961890
4	22	Ġi	0.943155
4	23	Ġpeople	10.661704
4	24	Ġwho	4.565252
4	25	Ġnightmare	19.014621
4	26	.	2.812518
5	1	<|endoftext|>	0.000000
5	2	Ġmorning	21.004965
5	3	Ġparticipants	17.012053
5	4	Ġstudy	12.902206
5	5	Ġtheir	4.689013
5	6	Ġdream	12.353851
5	7	Ġexperience	9.470628
5	8	Ġnight	12.244272
5	9	.	5.768143
5	10	Ġthey	10.306242
5	11	Ġthey	13.429554
5	12	Ġdreams	11.197150
5	13	Ġdream	7.918399
5	14	Ġits	11.779985
5	15	Ġintensity	10.129266
5	16	.	2.674286
5	17	Ġparticipants	11.361447
5	18	Ġdream	3.389662
5	19	Ġcategory	17.124269
5	20	Ġflying	15.041845
5	21	Ġdream	5.618828
5	22	Ġdream	6.612898
5	23	Ġnightmare	9.976617
5	24	.	4.594844
6	1	<|endoftext|>	0.000000
6	2	Ġnight	19.485354
6	3	Ġwe	10.261606
6	4	Ġour	15.386422
6	5	Ġminds	13.098472
6	6	Ġwe	8.999372
6	7	.	10.074297
6	8	Ġwe	7.192780
6	9	Ġnight	11.886603
6	10	Ġcycles	16.152113
6	11	Ġminutes	16.120975
6	12	.	2.787068
6	13	Ġimages	14.551504
6	14	Ġfeelings	19.040308
6	15	Ġstories	10.183995
6	16	Ġcombinations	15.060468
6	17	Ġcharacters	9.527814
6	18	Ġplaces	10.147591
6	19	Ġour	7.751207
6	20	Ġdreams	6.817659
6	21	.	3.836805
7	1	<|endoftext|>	0.000000
7	2	Ġi	15.053864
7	3	Ġcards	17.310787
7	4	Ġthings	13.126142
7	5	.	5.712774
7	6	Ġgambling	15.498113
7	7	Ġsomething	11.296797
7	8	Ġi	5.384105
7	9	Ġi	10.748036
7	10	Ġit	9.254699
7	11	.	2.590787
7	12	Ġmy	7.776878
7	13	Ġfriends	5.468935
7	14	Ġme	9.449949
7	15	Ġmy	5.104360
7	16	Ġsavings	11.360068
7	17	.	3.012574
7	18	Ġpart	11.784178
7	19	Ġhorror	18.989801
7	20	Ġcasino	13.814473
7	21	Ġmoney	9.766789
7	22	Ġi	4.528385
7	23	.	6.825188
8	1	<|endoftext|>	0.000000
8	2	Ġdata	16.337449
8	3	Ġeffects	15.910354
8	4	Ġgambling	16.831328
8	5	.	4.531652
8	6	Ġstudies	15.498047
8	7	Ġcasino	12.567627
8	8	Ġgambling	1.685700
8	9	Ġproblems	10.090087
8	10	.	1.705840
8	11	Ġgambling	4.426337
8	12	Ġbankrupt	15.667369
8	13	cies	1.028419
8	14	Ġmarriage	16.079141
8	15	Ġproblems	5.236606
8	16	.	1.634267
9	1	<|endoftext|>	0.000000
9	2	Ġgeneration	21.746950
9	3	Ġthere	12.897705
9	4	Ġexpansion	20.551777
9	5	Ġgambling	16.330999
9	6	.	5.192889
9	7	Ġstates	15.549177
9	8	Ġlot	15.010869
9	9	ter	0.266647
9	10	ies	0.010304
9	11	Ġcasinos	10.902337
9	12	.	3.660633
9	13	Ġgambling	5.585152
9	14	Ġbusiness	9.148488
9	15	.	2.838110
10	1	<|endoftext|>	0.000000
10	2	Ġwind	21.828445
10	3	Ġhurricane	16.196671
10	4	Ġhouse	15.593033
10	5	Ġwindow	12.961556
10	6	Ġkitchen	16.080664
10	7	.	5.712433
10	8	Ġwe	11.149763
10	9	Ġfood	17.477891
10	10	Ġdoor	12.727829
10	11	Ġkitchen	4.898860
10	12	Ġhurricane	14.533880
10	13	.	6.545446
10	14	Ġi	7.127352
10	15	Ġour	13.577477
10	16	Ġhouse	4.208312
10	17	Ġits	12.219912
10	18	Ġfoundation	14.242702
10	19	.	3.019854
10	20	Ġnight	11.625965
10	21	Ġwind	8.531371
10	22	Ġhouse	3.226762
10	23	Ġwe	7.728444
10	24	Ġsofa	12.307769
10	25	.	2.560103
11	1	<|endoftext|>	0.000000
11	2	Ġhurricanes	26.446045
11	3	Ġlimbs	22.156275
11	4	Ġtrees	11.515524
11	5	Ġhouses	9.228189
11	6	Ġtheir	11.135912
11	7	Ġfoundations	11.282222
11	8	.	3.839161
11	9	Ġthey	10.911187
11	10	Ġrains	14.473122
11	11	Ġfloods	9.418906
11	12	Ġmud	9.497086
11	13	sl	7.210807
11	14	ides	0.047785
11	15	.	2.520668
11	16	Ġhurricanes	8.175113
11	17	Ġstorm	9.502238
11	18	Ġsurge	7.085407
11	19	Ġwall	10.071246
11	20	Ġocean	15.353161
11	21	Ġwater	4.609768
11	22	Ġland	11.736419
11	23	.	4.864136
12	1	<|endoftext|>	0.000000
12	2	Ġscientists	20.179156
12	3	Ġmethods	17.673437
12	4	Ġevidence	12.850238
12	5	Ġhurricanes	21.803833
12	6	.	7.678215
12	7	Ġstorms	14.060235
12	8	Ġlayers	17.814295
12	9	Ġbeach	15.467046
12	10	Ġsand	6.393927
12	11	Ġbott	15.668819
12	12	oms	0.033387
12	13	Ġlakes	11.796529
12	14	.	4.987983
12	15	Ġtrees	9.854450
12	16	Ġhurricanes	12.772470
12	17	Ġrecord	10.254558
12	18	Ġstorm	7.518390
12	19	Ġtheir	14.102284
12	20	Ġgrowth	9.212455
12	21	Ġrings	9.390057
12	22	.	2.598771
13	1	<|endoftext|>	0.000000
13	2	Ġice	20.702556
13	3	Ġcream	3.486259
13	4	Ġworld	12.721690
13	5	Ġcountries	16.633191
13	6	Ġpreferences	18.881722
13	7	.	3.932515
13	8	Ġpeople	14.806226
13	9	Ġtheir	12.459224
13	10	Ġice	10.307032
13	11	Ġcream	0.146041
13	12	Ġdelic	13.672165
13	13	acies	0.252156
13	14	.	2.269682
13	15	Ġplaces	9.680903
13	16	Ġvanilla	14.680933
13	17	Ġice	1.005869
13	18	Ġcream	0.096330
13	19	Ġbananas	18.306571
13	20	Ġmang	15.409992
13	21	os	1.242782
13	22	.	4.360224
14	1	<|endoftext|>	0.000000
14	2	Ġi	15.053864
14	3	Ġice	17.209039
14	4	Ġcream	4.858852
14	5	Ġhome	14.143998
14	6	Ġchild	14.346856
14	7	.	6.355983
14	8	Ġwe	7.146075
14	9	Ġcream	15.146493
14	10	Ġmixture	15.945330
14	11	Ġtub	14.825707
14	12	Ġcrank	18.137458
14	13	Ġit	6.735536
14	14	Ġcold	9.529948
14	15	.	2.241557
14	16	Ġit	4.133104
14	17	Ġi	10.610170
14	18	Ġhand	10.404578
14	19	Ġcrank	7.258471
14	20	.	4.623279
14	21	Ġi	3.190246
14	22	Ġcontainer	13.682791
14	23	Ġice	6.781168
14	24	Ġcream	0.124568
14	25	Ġfreezer	6.920923
14	26	.	1.576560
15	1	<|endoftext|>	0.000000
15	2	Ġice	20.702556
15	3	Ġcream	3.486259
15	4	Ġmixture	14.323534
15	5	Ġmilk	14.107061
15	6	Ġcream	7.690567
15	7	Ġsugar	9.340420
15	8	Ġflavor	11.917129
15	9	ings	6.549472
15	10	Ġair	13.683688
15	11	.	8.597766
15	12	Ġbutter	9.435883
15	13	fat	8.994535
15	14	Ġmilk	4.847991
15	15	Ġcream	3.293829
15	16	Ġwhat	13.936792
15	17	Ġit	7.166567
15	18	.	10.461083
15	19	Ġpremium	15.738225
15	20	Ġice	5.700476
15	21	Ġcream	0.062161
15	22	Ġbutter	6.621289
15	23	fat	2.752822
15	24	Ġflavor	4.959152
15	25	ings	0.012354
15	26	.	4.963273
16	1	<|endoftext|>	0.000000
16	2	Ġi	15.053864
16	3	Ġlawn	21.968859
16	4	Ġm	4.126374
16	5	ower	1.748543
16	6	Ġchair	11.615396
16	7	Ġmy	9.580931
16	8	.	11.248210
16	9	Ġi	6.233573
16	10	Ġlevers	19.994348
16	11	Ġfront	10.334813
16	12	Ġme	10.518928
16	13	Ġmachine	10.651775
16	14	.	3.731371
16	15	Ġblades	16.336544
16	16	Ġlawn	10.324370
16	17	Ġm	1.201519
16	18	ower	0.027959
16	19	Ġblade	10.282770
16	20	Ġgrass	9.576506
16	21	.	5.230741
16	22	Ġlawn	5.131442
16	23	Ġtask	13.795630
16	24	Ġit	10.613781
16	25	Ġme	7.369657
16	26	Ġpatience	15.603020
16	27	.	1.849863
17	1	<|endoftext|>	0.000000
17	2	Ġlawn	23.970370
17	3	Ġm	2.504524
17	4	ower	0.228525
17	5	Ġmachine	10.815272
17	6	Ġblades	12.192132
17	7	Ġgrass	16.779035
17	8	Ġheight	15.228579
17	9	.	7.097006
17	10	Ġblades	11.956058
17	11	Ġmuscle	14.731995
17	12	Ġmachine	11.488155
17	13	Ġmotor	8.298203
17	14	.	4.451071
17	15	Ġpower	8.344442
17	16	Ġsource	7.703418
17	17	Ġlawn	10.647590
17	18	Ġm	0.573311
17	19	owers	4.922670
17	20	Ġgas	11.516598
17	21	Ġengine	3.914447
17	22	.	2.304635
18	1	<|endoftext|>	0.000000
18	2	Ġlawn	23.970370
18	3	m	2.527363
18	4	owers	4.692495
18	5	Ġenvironment	19.275212
18	6	Ġthey	11.672696
18	7	Ġemissions	19.451274
18	8	.	5.003994
18	9	Ġthey	10.080628
18	10	Ġmaintenance	14.281225
18	11	.	3.059603
18	12	Ġlawn	6.932241
18	13	Ġm	3.693293
18	14	owers	0.162165
18	15	Ġelectricity	11.456077
18	16	Ġto	6.694183
18	17	aster	15.898666
18	18	.	2.537411
19	1	<|endoftext|>	0.000000
19	2	Ġastronauts	24.502074
19	3	Ġtime	13.763652
19	4	Ġtheir	7.762215
19	5	Ġspac	7.547999
19	6	ew	0.015366
19	7	alks	0.677368
19	8	.	3.252899
19	9	Ġtheir	15.717479
19	10	Ġtraining	9.712426
19	11	.	4.930946
19	12	Ġthey	4.918374
19	13	Ġhours	16.563055
19	14	Ġpool	17.970667
19	15	Ġhour	12.790546
19	16	Ġthey	6.793831
19	17	Ġspace	9.759780
19	18	.	2.396181
19	19	Ġastronauts	8.113231
19	20	Ġconstruction	15.380974
19	21	Ġrepair	12.873295
19	22	Ġwork	5.585985
19	23	Ġoutside	11.747074
19	24	Ġspace	4.914680
19	25	Ġstation	6.291228
19	26	.	1.372313
20	1	<|endoftext|>	0.000000
20	2	Ġcommanders	23.111678
20	3	Ġshuttle	18.146527
20	4	Ġflights	11.698397
20	5	Ġpilots	18.024018
20	6	Ġbackgrounds	20.315623
20	7	Ġtest	10.951189
20	8	Ġpilots	5.105328
20	9	.	6.676038
20	10	Ġastronauts	19.393233
20	11	Ġdoctors	14.183034
20	12	Ġengineers	6.170896
20	13	Ġscientists	5.131209
20	14	Ġwho	8.435280
20	15	Ġexperiments	16.719903
20	16	Ġspace	10.343577
20	17	.	5.826188
20	18	Ġcrews	12.422605
20	19	Ġmen	10.705763
20	20	Ġastronauts	7.746803
20	21	.	6.920180
21	1	<|endoftext|>	0.000000
21	2	Ġteam	16.693087
21	3	Ġastronauts	19.661673
21	4	Ġexterior	21.728285
21	5	Ġspace	8.056039
21	6	Ġshuttle	4.429525
21	7	.	6.136568
21	8	Ġthey	12.923698
21	9	Ġtools	20.206027
21	10	Ġpart	11.373477
21	11	Ġtelescope	16.069708
21	12	.	3.748354
21	13	Ġastronaut	8.865308
21	14	Ġbolts	14.042778
21	15	Ġpipe	15.916928
21	16	Ġreplacement	11.551702
21	17	Ġpart	6.055343
21	18	Ġplace	13.719697
21	19	.	5.012332
22	1	<|endoftext|>	0.000000
22	2	Ġcomputers	21.303417
22	3	Ġart	16.304130
22	4	Ġtime	11.962889
22	5	Ġartists	12.514015
22	6	.	4.908130
22	7	Ġcomputers	12.456276
22	8	Ġcomputer	9.626868
22	9	Ġgraphics	4.867207
22	10	Ġart	2.150086
22	11	Ġworld	11.026866
22	12	.	2.633950
22	13	Ġcomputer	1.697730
22	14	Ġscience	4.733702
22	15	Ġconferences	15.476804
22	16	Ġart	5.325980
22	17	Ġexhibitions	8.452233
22	18	Ġgraphics	8.546813
22	19	Ġtechnology	7.372781
22	20	.	3.119389
22	21	Ġbrand	15.097556
22	22	Ġconferences	14.424844
22	23	Ġcultures	16.444091
22	24	.	4.276092
23	1	<|endoftext|>	0.000000
23	2	Ġcomputer	19.651079
23	3	Ġgraphics	6.499610
23	4	Ġspecialist	11.542175
23	5	Ġdoctors	18.331457
23	6	Ġconditions	17.606731
23	7	Ġprocedures	16.714944
23	8	.	5.085129
23	9	Ġshe	11.492721
23	10	Ġanimation	21.006991
23	11	Ġdoctors	9.719495
23	12	Ġstructures	13.555309
23	13	Ġpatient	9.767185
23	14	Ġbody	5.574060
23	15	.	3.024170
23	16	Ġstructures	15.735793
23	17	Ġanimation	14.112080
23	18	Ġscreen	12.195734
23	19	Ġx	11.772836
23	20	Ġ-	8.660477
23	21	Ġrays	13.363220
23	22	.	5.003950
24	1	<|endoftext|>	0.000000
24	2	Ġanimation	21.780934
24	3	Ġtool	10.969620
24	4	Ġeducation	20.682624
24	5	.	3.909882
24	6	Ġfield	18.758516
24	7	Ġcomputer	14.909274
24	8	Ġgraphics	3.984273
24	9	Ġbroad	13.521764
24	10	ens	9.074531
24	11	Ġwe	12.676625
24	12	Ġgraphics	11.933445
24	13	Ġstudents	10.472059
24	14	.	6.853235
24	15	Ġresearch	8.399419
24	16	Ġimagery	14.197553
24	17	Ġclassroom	9.316594
24	18	.	5.044082
25	1	<|endoftext|>	0.000000
25	2	Ġreason	20.605376
25	3	Ġhe	9.501796
25	4	Ġlaw	17.881284
25	5	Ġschool	4.996351
25	6	Ġplace	14.243108
25	7	Ġcl	14.372821
25	8	iche	4.999849
25	9	.	3.837403
25	10	Ġhe	7.003606
25	11	Ġthings	14.920227
25	12	.	5.935546
25	13	Ġhe	3.365520
25	14	Ġevening	17.171851
25	15	Ġlaw	8.644354
25	16	Ġschool	0.820220
25	17	Ġhe	6.724083
25	18	Ġprogram	12.154727
25	19	Ġdirector	11.366479
25	20	Ġn	11.318308
25	21	ighter	13.744024
25	22	.	3.253551
25	23	Ġthey	7.766592
25	24	Ġpetition	16.026439
25	25	Ġfamilies	15.261806
25	26	Ġsunrise	22.598321
25	27	.	2.691577
26	1	<|endoftext|>	0.000000
26	2	Ġdecades	20.961961
26	3	Ġcost	15.925412
26	4	Ġeducation	13.874080
26	5	.	4.092191
26	6	Ġlaw	17.738413
26	7	Ġschool	3.425111
26	8	Ġtuition	4.633184
26	9	Ġfactor	15.774961
26	10	Ġ1970	14.366474
26	11	s	3.505398
26	12	.	7.038593
26	13	Ġmarket	13.182985
26	14	Ġadmission	14.442382
26	15	Ġlaw	8.964909
26	16	Ġschool	1.216977
26	17	Ġlawyers	15.918695
26	18	.	4.394854
27	1	<|endoftext|>	0.000000
27	2	Ġlaw	18.689462
27	3	Ġschool	6.433154
27	4	Ġfaculty	8.660629
27	5	Ġexperience	14.726474
27	6	Ġlaw	10.822207
27	7	.	5.863463
27	8	Ġprofessors	13.499107
27	9	Ġlaw	6.878244
27	10	Ġreview	8.527672
27	11	Ġarticles	7.981804
27	12	Ġjournals	11.956282
27	13	.	5.404128
27	14	Ġlaw	3.052763
27	15	Ġschools	4.861164
27	16	Ġtheoretical	14.421623
27	17	Ġclasses	9.611559
27	18	Ġtopics	11.867983
27	19	Ġproperty	14.129824
27	20	Ġlaw	1.261170
27	21	Ġeng	15.706782
27	22	land	2.810122
27	23	.	5.649390
28	1	<|endoftext|>	0.000000
28	2	Ġpharmac	24.063114
28	3	ists	3.660290
28	4	Ġcare	11.923191
28	5	.	7.432607
28	6	Ġthey	10.626734
28	7	Ġline	15.171172
28	8	Ġhealth	13.605625
28	9	Ġadvisers	14.883721
28	10	Ġpeople	13.088938
28	11	Ġpharmacies	12.875916
28	12	.	2.533254
28	13	Ġpharmac	6.409370
28	14	ists	0.056012
28	15	Ġsource	14.728065
28	16	Ġinformation	4.391671
28	17	Ġhealth	11.608859
28	18	.	7.495170
28	19	Ġdoctors	7.284164
28	20	Ġpharmac	9.646938
28	21	ists	0.074632
28	22	Ġthey	10.024190
28	23	Ġlot	15.241159
28	24	Ġdrug	9.506565
28	25	Ġinteractions	12.742953
28	26	Ġside	12.783790
28	27	Ġeffects	1.859040
28	28	.	0.758716
29	1	<|endoftext|>	0.000000
29	2	Ġpharmac	24.063114
29	3	ists	3.660290
29	4	Ġprescription	14.719436
29	5	Ġdrugs	3.692788
29	6	Ġpatients	12.640697
29	7	Ġadvice	15.451169
29	8	Ġuse	10.319006
29	9	Ġmedications	10.050496
29	10	.	6.804243
29	11	Ġthey	11.018166
29	12	Ġhealth	12.847586
29	13	Ġwellness	15.983480
29	14	Ġscreenings	14.510882
29	15	Ġvaccines	13.294917
29	16	.	4.224776
29	17	Ġpharmac	8.241541
29	18	ists	0.983091
29	19	Ġdegrees	15.956826
29	20	Ġexams	10.405087
29	21	Ġorder	12.721217
29	22	.	6.698709
30	1	<|endoftext|>	0.000000
30	2	Ġi	15.053864
30	3	Ġpharmacy	22.839724
30	4	Ġprofession	15.350938
30	5	Ġme	12.108331
30	6	Ġi	6.699656
30	7	Ġpharm	6.279962
30	8	acist	0.208657
30	9	.	7.774038
30	10	Ġi	3.667492
30	11	Ġbottles	17.642104
30	12	Ġpharmacies	8.396541
30	13	Ġchild	17.330240
30	14	.	5.464490
30	15	Ġi	0.475339
30	16	Ġit	12.967876
30	17	Ġcl	13.106506
30	18	iche	8.626120
30	19	Ġi	4.668286
30	20	Ġimpact	18.343587
30	21	Ġi	6.201627
30	22	Ġlives	10.818058
30	23	Ġmy	4.575132
30	24	Ġpatients	6.726327
30	25	.	1.547806
31	1	<|endoftext|>	0.000000
31	2	Ġperson	17.956166
31	3	Ġhis	15.607907
31	4	Ġher	14.290099
31	5	Ġresponse	13.054084
31	6	Ġsituations	17.016808
31	7	.	4.858751
31	8	Ġperson	9.729090
31	9	Ġunemployment	18.965102
31	10	Ġfull	11.209862
31	11	time	5.760264
31	12	.	4.244355
31	13	Ġthere	11.194890
31	14	Ġstresses	18.491760
31	15	Ġtraffic	14.854256
31	16	.	2.583228
31	17	Ġthere	6.372288
31	18	Ġstresses	3.591398
31	19	Ġdivorce	12.321954
31	20	Ġloss	12.926667
31	21	Ġchild	11.686327
31	22	.	1.816656
32	1	<|endoftext|>	0.000000
32	2	Ġpeople	15.331612
32	3	Ġlevels	18.371234
32	4	Ġstress	15.230510
32	5	.	5.896746
32	6	Ġstress	8.715477
32	7	Ġtoll	17.091713
32	8	Ġhealth	14.297662
32	9	.	3.003983
32	10	Ġit	7.476942
32	11	Ġyour	12.683576
32	12	Ġreaction	12.169230
32	13	Ġstress	9.581349
32	14	Ġit	8.024770
32	15	.	5.426246
33	1	<|endoftext|>	0.000000
33	2	Ġmy	15.381958
33	3	Ġcompany	10.505772
33	4	Ġi	8.727540
33	5	.	7.950453
33	6	Ġmy	11.833382
33	7	Ġheart	11.180995
33	8	Ġreason	13.823883
33	9	Ġi	3.019165
33	10	Ġtimes	19.136986
33	11	.	6.656500
33	12	Ġi	2.360906
33	13	Ġyoga	18.444167
33	14	Ġmy	5.476123
33	15	Ġstress	11.973709
33	16	Ġlevel	7.573399
33	17	.	1.937021
34	1	<|endoftext|>	0.000000
34	2	Ġman	17.841420
34	3	Ġjet	15.050361
34	4	Ġt	11.101422
34	5	ux	7.896688
34	6	edo	1.809545
34	7	Ġsat	11.129731
34	8	in	5.202551
34	9	Ġstripes	9.996870
34	10	.	5.127666
34	11	Ġit	8.302635
34	12	Ġfabric	16.236165
34	13	Ġcut	11.927110
34	14	Ġstyle	11.610781
34	15	.	2.710691
34	16	Ġhe	6.629408
34	17	Ġit	10.461917
34	18	Ġit	7.505975
34	19	Ġman	8.363692
34	20	.	7.356691
34	21	Ġit	3.434887
34	22	Ġsomething	10.249719
34	23	Ġstyl	13.214204
34	24	ist	5.384033
34	25	Ġevent	15.297734
34	26	.	2.838954
35	1	<|endoftext|>	0.000000
35	2	Ġt	15.191819
35	3	ux	8.374906
35	4	edo	0.702063
35	5	Ġtoday	12.675860
35	6	Ġgro	16.197089
35	7	oms	4.839114
35	8	Ġstatements	18.176377
35	9	Ġwedding	16.565098
35	10	Ġattire	6.844036
35	11	.	4.399710
35	12	Ġjackets	16.912071
35	13	Ġedge	17.398683
35	14	Ġwedding	7.669733
35	15	Ġfashion	10.147353
35	16	Ġmen	13.789218
35	17	.	2.835278
35	18	Ġgro	12.281128
35	19	oms	0.018704
35	20	Ġtheir	12.693653
35	21	Ġt	8.764253
35	22	ux	0.024025
35	23	ed	3.183024
35	24	os	0.018021
35	25	Ġshirts	10.336917
35	26	Ġsat	12.962269
35	27	in	2.168413
35	28	Ġties	8.796017
35	29	.	2.684482
36	1	<|endoftext|>	0.000000
36	2	Ġt	15.191819
36	3	ux	8.374906
36	4	edo	0.702063
36	5	Ġjacket	6.482570
36	6	Ġdinner	16.045880
36	7	Ġjacket	4.110980
36	8	Ġsilk	10.992238
36	9	Ġlap	11.523483
36	10	els	3.546205
36	11	.	7.202843
36	12	Ġtie	11.755823
36	13	Ġtrousers	10.372545
36	14	Ġmatch	11.603336
36	15	Ġt	5.415678
36	16	ux	0.102114
36	17	edo	0.243187
36	18	Ġjacket	1.404165
36	19	.	2.799490
36	20	Ġshirt	4.981201
36	21	Ġtie	3.067000
36	22	Ġjacket	4.321868
36	23	.	2.956967
37	1	<|endoftext|>	0.000000
37	2	Ġconcert	20.885403
37	3	Ġpian	10.324416
37	4	ist	0.054688
37	5	Ġadulthood	23.618661
37	6	.	4.540894
37	7	Ġher	10.883182
37	8	Ġblindness	17.188389
37	9	Ġcondition	12.595540
37	10	Ġeyes	14.823959
37	11	.	5.921910
37	12	Ġshe	3.790920
37	13	Ġinterview	17.617482
37	14	ers	6.948921
37	15	Ġadvantage	17.266908
37	16	Ġpian	12.382505
37	17	ist	1.027087
37	18	.	2.968231
37	19	Ġshe	2.611394
37	20	Ġdistractions	18.876605
37	21	Ġshe	7.292996
37	22	Ġher	8.770951
37	23	Ġmusic	7.458489
37	24	.	1.544065
38	1	<|endoftext|>	0.000000
38	2	Ġgovernment	17.924269
38	3	Ġblindness	18.552754
38	4	Ġvision	14.090819
38	5	Ġactivities	16.095710
38	6	Ġlife	16.903635
38	7	.	6.874211
38	8	Ġparameters	19.941326
38	9	Ġblindness	11.476539
38	10	Ġresources	13.162230
38	11	.	4.147635
38	12	Ġwho	12.361260
38	13	Ġvision	9.736784
38	14	Ġproblems	9.244747
38	15	Ġwho	7.709410
38	16	Ġstandard	12.401288
38	17	.	5.466167
39	1	<|endoftext|>	0.000000
39	2	Ġcountries	20.244884
39	3	Ġblindness	20.938621
39	4	Ġchildren	10.905533
39	5	Ġdisease	10.045322
39	6	Ġdeficiencies	16.162433
39	7	.	8.706598
39	8	Ġcauses	15.186455
39	9	Ġmedicine	13.449440
39	10	Ġvitamin	13.617705
39	11	Ġsupplements	6.139924
39	12	.	4.290673
39	13	Ġcountries	9.616254
39	14	Ġblindness	1.425859
39	15	Ġproblems	10.161757
39	16	.	2.576423
40	1	<|endoftext|>	0.000000
40	2	Ġone	15.473205
40	3	Ġtaste	15.017357
40	4	Ġyour	8.660942
40	5	Ġmouth	6.919707
40	6	Ġyour	10.496570
40	7	Ġbrain	5.542665
40	8	.	4.633602
40	9	Ġscientists	16.855323
40	10	Ġprocess	14.540104
40	11	Ġmolecule	15.863739
40	12	Ġfood	13.579123
40	13	Ġtaste	6.676059
40	14	Ġbud	10.189566
40	15	Ġcell	13.301848
40	16	.	5.161035
40	17	Ġcell	9.366170
40	18	Ġtaste	7.411638
40	19	Ġmessage	16.467309
40	20	Ġnerves	16.458255
40	21	Ġcell	7.119895
40	22	.	5.037218
41	1	<|endoftext|>	0.000000
41	2	Ġit	12.705676
41	3	Ġtaste	17.120228
41	4	Ġbud	14.159223
41	5	Ġtastes	11.236747
41	6	.	6.692862
41	7	Ġtaste	10.512700
41	8	Ġbud	1.303462
41	9	Ġtip	12.775733
41	10	Ġtongue	16.142527
41	11	Ġyou	8.773921
41	12	Ġsomething	12.978557
41	13	.	4.137576
41	14	Ġscientists	18.762705
41	15	Ġtaste	11.144502
41	16	Ġbud	3.065114
41	17	Ġtastes	7.625311
41	18	.	1.425564
42	1	<|endoftext|>	0.000000
42	2	Ġmy	15.381958
42	3	Ġsense	13.781632
42	4	Ġtaste	20.327370
42	5	Ġi	7.852668
42	6	Ġfoods	19.685504
42	7	Ġflavors	11.656937
42	8	.	7.377551
42	9	Ġi	2.922852
42	10	Ġlots	15.827071
42	11	Ġsauce	17.442425
42	12	Ġi	4.643691
42	13	Ġmy	10.525571
42	14	Ġcoffee	10.334166
42	15	Ġcream	11.090522
42	16	Ġit	7.640185
42	17	.	6.601214
42	18	Ġi	1.197824
42	19	Ġsweetness	14.913151
42	20	Ġi	2.706943
42	21	Ġcookies	11.266995
42	22	Ġi	1.859556
42	23	Ġsugar	8.368359
42	24	.	3.082437
43	1	<|endoftext|>	0.000000
43	2	Ġhip	21.710512
43	3	Ġfractures	13.526797
43	4	Ġproblem	13.480611
43	5	Ġindividuals	14.533087
43	6	.	8.269136
43	7	Ġpatients	11.738874
43	8	Ġpain	11.188291
43	9	Ġbreak	14.962956
43	10	Ġprocess	12.653147
43	11	Ġhealing	9.678798
43	12	.	3.974000
43	13	Ġfamilies	13.900700
43	14	Ġpatient	10.402466
43	15	Ġloss	10.545562
43	16	Ġindependence	14.300168
43	17	.	2.328864
43	18	Ġsociety	12.132970
43	19	Ġhip	12.614440
43	20	Ġfractures	2.195716
43	21	Ġexpense	16.057496
43	22	Ġtime	9.945942
43	23	Ġhospital	9.188741
43	24	.	5.823950
44	1	<|endoftext|>	0.000000
44	2	Ġrace	21.222687
44	3	Ġi	12.854923
44	4	Ġsound	13.183813
44	5	Ġsomeone	13.549335
44	6	Ġtheir	13.873042
44	7	Ġfingers	11.958642
44	8	.	5.671956
44	9	Ġi	3.941211
44	10	Ġcrunch	15.843365
44	11	Ġi	6.970102
44	12	Ġmy	9.865069
44	13	Ġfoot	8.403390
44	14	.	3.239765
44	15	Ġstep	12.684078
44	16	Ġspikes	19.715073
44	17	.	3.098565
44	18	Ġdoctor	15.302858
44	19	Ġoffice	12.197362
44	20	Ġ-	8.867681
44	21	Ġray	13.602097
44	22	Ġfracture	15.416412
44	23	.	2.588083
45	1	<|endoftext|>	0.000000
45	2	Ġthere	14.925964
45	3	Ġtypes	16.540551
45	4	Ġbone	17.361032
45	5	Ġfracture	10.554189
45	6	.	3.935330
45	7	Ġfractures	11.060795
45	8	Ġbone	7.655911
45	9	Ġskin	11.502251
45	10	.	4.314890
45	11	Ġcompound	14.571815
45	12	Ġfractures	3.231262
45	13	Ġbone	1.783118
45	14	Ġskin	4.848913
45	15	Ġwound	11.996540
45	16	.	2.335490
46	1	<|endoftext|>	0.000000
46	2	Ġear	21.961585
46	3	Ġpier	13.457581
46	4	c	0.612484
46	5	ings	0.001876
46	6	Ġthey	11.745599
46	7	.	11.598763
46	8	Ġsigns	16.337513
46	9	Ġinfection	17.968629
46	10	Ġtender	16.156159
46	11	ness	0.948279
46	12	Ġred	9.963939
46	13	ness	0.407244
46	14	Ġear	7.155246
46	15	l	9.000635
46	16	obe	0.132748
46	17	.	4.729848
46	18	Ġyou	10.199069
46	19	Ġsymptoms	14.351490
46	20	Ġarea	12.392675
46	21	.	3.967328
46	22	Ġred	6.823760
46	23	ness	0.487964
46	24	Ġswelling	9.224353
46	25	Ġyour	8.410166
46	26	Ġhealth	13.301947
46	27	Ġcare	6.729448
46	28	Ġprovider	1.311742
46	29	.	1.589835
47	1	<|endoftext|>	0.000000
47	2	Ġhospital	19.449504
47	3	Ġmeasures	13.887486
47	4	Ġinfections	12.836943
47	5	.	5.565714
47	6	Ġthey	12.412337
47	7	Ġhand	14.194339
47	8	Ġwashing	11.934425
47	9	Ġhabits	13.650242
47	10	Ġpatients	12.034275
47	11	Ġpatients	11.915140
47	12	.	4.643958
47	13	Ġhospital	6.681314
47	14	Ġinfection	10.277350
47	15	Ġrates	2.659197
47	16	Ġmeasures	12.579141
47	17	.	7.169741
48	1	<|endoftext|>	0.000000
48	2	Ġwound	23.501575
48	3	Ġsoap	17.999302
48	4	Ġalcohol	14.350622
48	5	Ġdelays	18.088136
48	6	Ġhealing	3.860496
48	7	Ġrisk	11.438768
48	8	Ġinfection	14.407545
48	9	.	3.660497
48	10	Ġband	18.312842
48	11	Ġaids	9.792469
48	12	Ġrisk	12.323378
48	13	Ġinfection	3.687898
48	14	Ġheat	14.770696
48	15	Ġmoisture	15.145601
48	16	.	7.505214
48	17	Ġskin	7.481754
48	18	Ġinfections	6.480861
48	19	Ġthey	12.771666
48	20	.	7.128318
49	1	<|endoftext|>	0.000000
49	2	Ġopera	24.396925
49	3	Ġend	12.566578
49	4	Ġcentury	16.693746
49	5	.	4.260702
49	6	Ġit	10.685363
49	7	Ġeffort	18.154033
49	8	Ġperformance	14.402190
49	9	.	2.589442
49	10	Ġfounders	18.903995
49	11	Ġopera	8.690846
49	12	Ġtales	14.177607
49	13	Ġantiquity	17.005807
49	14	Ġtheir	10.987690
49	15	Ġmatter	14.338703
49	16	.	3.456403
49	17	Ġoper	8.396567
49	18	as	1.111068
49	19	Ġsources	14.265705
49	20	Ġstories	9.613539
49	21	Ġtraditions	9.681515
49	22	.	3.083203
50	1	<|endoftext|>	0.000000
50	2	Ġopera	24.396925
50	3	Ġart	11.661867
50	4	Ġform	8.527709
50	5	Ġsingers	15.454721
50	6	Ġmusicians	12.885243
50	7	Ġplay	7.918340
50	8	Ġwords	11.639574
50	9	Ġmusic	8.902539
50	10	.	7.063454
50	11	Ġit	10.865804
50	12	Ġelements	16.859600
50	13	Ġtheatre	11.974167
50	14	Ġacting	10.337419
50	15	Ġscenery	15.116820
50	16	Ġcostumes	9.953348
50	17	.	5.203699
50	18	Ġperformances	12.046492
50	19	Ġopera	9.069003
50	20	Ġhouse	9.267794
50	21	Ġorchestra	6.450711
50	22	.	6.563316
51	1	<|endoftext|>	0.000000
51	2	Ġopera	24.396925
51	3	Ġsinger	4.829626
51	4	Ġrole	17.027909
51	5	Ġproduction	15.508417
51	6	.	4.942902
51	7	Ġher	12.467571
51	8	Ġjob	9.406506
51	9	.	7.446802
51	10	Ġacting	10.575080
51	11	Ġstage	11.322252
51	12	Ġpresence	7.047277
51	13	Ġinterpretation	18.554516
51	14	.	1.384586
51	15	Ġher	4.824698
51	16	Ġvoice	5.584717
51	17	Ġstar	14.748620
51	18	Ġshow	11.890824
51	19	.	1.744698
52	1	<|endoftext|>	0.000000
52	2	Ġpainter	24.341280
52	3	Ġelements	16.755935
52	4	Ġmind	14.984581
52	5	Ġpainting	7.485140
52	6	.	5.860049
52	7	Ġshe	11.396601
52	8	Ġelements	16.478790
52	9	Ġdesign	10.051646
52	10	Ġcomposition	10.960846
52	11	Ġlighting	10.842718
52	12	.	2.836837
52	13	Ġshe	2.893059
52	14	Ġbrush	12.638265
52	15	Ġstrokes	4.524705
52	16	Ġskill	12.168366
52	17	.	3.991153
52	18	Ġcontent	13.974222
52	19	Ġpainting	5.681107
52	20	Ġglimpse	19.085301
52	21	Ġpainter	7.038567
52	22	Ġsoul	10.594002
52	23	.	4.280692
53	1	<|endoftext|>	0.000000
53	2	Ġpain	20.865293
53	3	ters	6.010344
53	4	Ġart	11.788858
53	5	isans	6.026287
53	6	Ġartists	8.922420
53	7	.	9.211169
53	8	Ġpain	12.504764
53	9	ters	0.108378
53	10	Ġstatus	14.031360
53	11	Ġscholars	15.488709
53	12	Ġmembers	9.519129
53	13	Ġcourt	15.362445
53	14	.	5.447262
53	15	Ġthey	10.735158
53	16	Ġtheir	12.411932
53	17	Ġwork	5.545726
53	18	Ġits	13.439375
53	19	Ġsubject	6.399692
53	20	Ġimagery	17.795264
53	21	Ġrelationship	13.905948
53	22	Ġtheir	8.843694
53	23	Ġpatrons	13.955633
53	24	.	3.026404
54	1	<|endoftext|>	0.000000
54	2	Ġpainter	24.341280
54	3	Ġi	10.893963
54	4	Ġscene	15.496656
54	5	Ġpainting	9.393754
54	6	Ġitself	15.339724
54	7	.	3.768435
54	8	Ġartist	10.725142
54	9	Ġeye	11.712858
54	10	Ġcamera	9.424077
54	11	Ġlens	7.398324
54	12	Ġeverything	12.777056
54	13	Ġits	9.324594
54	14	Ġfield	13.365556
54	15	Ġvision	10.800247
54	16	.	2.842030
54	17	Ġi	4.668718
54	18	Ġnature	14.502249
54	19	Ġinformation	12.083222
54	20	Ġpainting	8.712629
54	21	.	2.467904
55	1	<|endoftext|>	0.000000
55	2	Ġeagle	24.963075
55	3	Ġowl	10.087375
55	4	Ġbird	8.871615
55	5	.	6.437851
55	6	Ġit	12.049451
55	7	Ġear	16.948705
55	8	Ġtu	11.636041
55	9	fts	1.303561
55	10	Ġhorns	14.382703
55	11	.	2.588297
55	12	Ġits	5.559262
55	13	Ġeyes	4.322815
55	14	Ġthey	11.904530
55	15	Ġyou	13.730738
55	16	.	5.717100
55	17	Ġowl	8.868953
55	18	Ġhunts	12.789998
55	19	Ġnight	10.672167
55	20	Ġdarkness	16.169175
55	21	.	1.259197
56	1	<|endoftext|>	0.000000
56	2	Ġowl	24.727748
56	3	Ġspecies	9.807602
56	4	Ġothers	17.179787
56	5	.	4.708907
56	6	Ġowl	8.565004
56	7	Ġits	15.180585
56	8	Ġhabitat	8.463704
56	9	.	2.405146
56	10	Ġfindings	16.793660
56	11	Ġlogging	15.855679
56	12	Ġowl	6.355569
56	13	Ġinvasion	12.119996
56	14	.	2.216198
57	1	<|endoftext|>	0.000000
57	2	Ġowl	24.727748
57	3	Ġbranch	13.889067
57	4	Ġit	11.251468
57	5	Ġher	14.060649
57	6	Ġtal	11.135709
57	7	ons	0.262032
57	8	.	4.395476
57	9	Ġshe	5.707879
57	10	Ġher	11.495230
57	11	Ġwings	6.423346
57	12	Ġher	6.629161
57	13	Ġsides	10.418532
57	14	Ġeye	12.351036
57	15	.	4.459770
57	16	Ġshe	2.564775
57	17	Ġstatue	17.240544
57	18	Ġglow	13.788587
57	19	Ġher	4.061314
57	20	Ġeyes	3.386920
57	21	.	2.147702
58	1	<|endoftext|>	0.000000
58	2	Ġit	12.705676
58	3	Ġbear	17.718705
58	4	Ġstalk	18.628162
58	5	Ġsea	17.963050
58	6	Ġice	8.653450
58	7	.	4.896309
58	8	Ġit	6.005005
58	9	Ġyou	11.056148
58	10	Ġwaters	15.308287
58	11	Ġanimal	11.806942
58	12	.	2.669822
58	13	Ġpaws	15.873897
58	14	Ġice	8.664097
58	15	Ġbear	8.629440
58	16	Ġits	10.821531
58	17	Ġprey	5.183800
58	18	.	0.783536
58	19	Ġpart	12.125624
58	20	Ġfilm	15.093224
58	21	Ġcrew	10.912537
58	22	Ġbear	7.835386
58	23	Ġdocumentary	13.597777
58	24	Ġi	10.846880
58	25	Ġmonths	16.041603
58	26	Ġshots	14.552340
58	27	.	4.018517
59	1	<|endoftext|>	0.000000
59	2	Ġbears	22.544328
59	3	Ġanimals	15.307972
59	4	Ġpeople	11.770179
59	5	Ġreasons	16.701941
59	6	Ġfear	11.486968
59	7	Ġconfusion	15.065933
59	8	.	4.287160
59	9	Ġthey	8.951726
59	10	Ġhunger	14.704237
59	11	Ġthey	8.219541
59	12	Ġfood	10.190582
59	13	Ġenvironment	14.274900
59	14	.	3.097965
59	15	Ġthey	2.672099
59	16	Ġpeople	11.032193
59	17	Ġtheir	8.600559
59	18	Ġenergy	9.500261
59	19	.	3.519731
60	1	<|endoftext|>	0.000000
60	2	Ġseal	23.638005
60	3	Ġpart	13.170136
60	4	Ġbear	18.609801
60	5	Ġdiet	14.098951
60	6	.	4.458352
60	7	Ġthey	11.174960
60	8	Ġseal	11.743348
60	9	Ġbreathing	17.076347
60	10	Ġhole	8.243014
60	11	Ġseals	6.345602
60	12	Ġice	11.367875
60	13	.	6.713733
60	14	Ġbear	9.082610
60	15	Ġplace	11.560703
60	16	Ġseal	1.869576
60	17	.	6.097072
61	1	<|endoftext|>	0.000000
61	2	Ġcastle	22.534003
61	3	Ġstructure	12.823663
61	4	Ġdefense	12.445416
61	5	.	4.318366
61	6	Ġits	12.213875
61	7	Ġpurpose	6.713321
61	8	Ġits	12.343390
61	9	Ġsurroundings	12.341512
61	10	.	3.474931
61	11	Ġcastle	7.187253
61	12	Ġlands	12.522636
61	13	Ġday	14.498985
61	14	Ġwalk	12.334853
61	15	.	2.910610
61	16	Ġtimes	13.304373
61	17	Ġattack	10.407903
61	18	Ġpeasants	16.524210
61	19	Ġlivestock	13.332057
61	20	Ġproperty	11.001749
61	21	Ġcastle	6.162918
61	22	Ġwalls	5.395989
61	23	Ġprotection	9.248517
61	24	.	3.763470
62	1	<|endoftext|>	0.000000
62	2	Ġcastles	24.568280
62	3	Ġlocations	15.040056
62	4	Ġrecord	14.719752
62	5	Ġhistory	10.263184
62	6	Ġregions	14.448324
62	7	.	5.788757
62	8	Ġtoday	16.897743
62	9	Ġthey	6.858476
62	10	Ġcliffs	20.044083
62	11	Ġlandscapes	15.210663
62	12	Ġquaint	16.697695
62	13	Ġvillages	4.729681
62	14	.	4.070516
62	15	Ġpast	9.708321
62	16	Ġthey	4.293350
62	17	Ġhome	10.534943
62	18	Ġbattles	15.014484
62	19	Ġplots	13.072077
62	20	Ġintrigue	13.773149
62	21	.	3.062804
63	1	<|endoftext|>	0.000000
63	2	Ġtrain	20.282770
63	3	Ġstation	7.674643
63	4	Ġwe	11.543888
63	5	Ġour	14.649620
63	6	Ġhotel	9.183142
63	7	Ġcastle	14.826005
63	8	Ġcliff	16.898722
63	9	.	4.602301
63	10	Ġwalls	14.913989
63	11	Ġcourtyard	15.024974
63	12	Ġhundreds	14.577011
63	13	Ġfeet	8.963680
63	14	Ġriver	11.690682
63	15	.	3.333053
63	16	Ġour	7.413738
63	17	Ġtower	8.656554
63	18	Ġrooms	10.374545
63	19	Ġview	11.304626
63	20	.	3.496846
64	1	<|endoftext|>	0.000000
64	2	Ġfeet	20.013585
64	3	Ġside	15.548998
64	4	Ġpyramid	15.862809
64	5	Ġman	12.581444
64	6	Ġme	12.038524
64	7	Ġentrance	14.609308
64	8	way	10.835499
64	9	.	5.507062
64	10	Ġchamber	14.049226
64	11	Ġpyramid	10.506737
64	12	Ġcenter	10.255929
64	13	.	4.872625
64	14	Ġi	9.864571
64	15	Ġhim	15.709278
64	16	Ġpassage	8.900259
64	17	.	1.847162
64	18	Ġsmell	16.291977
64	19	Ġpyramid	7.589478
64	20	Ġair	9.174611
64	21	.	1.725518
65	1	<|endoftext|>	0.000000
65	2	Ġtomb	23.115393
65	3	Ġking	14.957187
65	4	Ġpy	14.861496
65	5	ramids	3.918707
65	6	Ġpride	18.738871
65	7	Ġnation	15.118638
65	8	.	5.169841
65	9	Ġcare	18.620786
65	10	Ġpyramid	20.218540
65	11	Ġbuilders	10.180754
65	12	Ġtheir	10.956667
65	13	Ġcraft	8.329281
65	14	.	2.694350
65	15	Ġstones	10.992318
65	16	Ġpyramid	3.372597
65	17	Ġstructure	10.771403
65	18	.	2.269619
66	1	<|endoftext|>	0.000000
66	2	Ġarchitects	22.358218
66	3	Ġmysteries	20.557957
66	4	Ġpy	14.437124
66	5	ramids	0.192800
66	6	.	5.890816
66	7	Ġramps	20.054034
66	8	Ġpyramid	11.633907
66	9	Ġwalls	8.082605
66	10	Ġstone	8.935704
66	11	Ġblocks	7.620828
66	12	.	5.281130
66	13	Ġothers	12.839669
66	14	Ġramps	11.225775
66	15	Ġwalls	7.733710
66	16	Ġpyramid	5.314086
66	17	.	5.905551
67	1	<|endoftext|>	0.000000
67	2	Ġbeginner	22.783381
67	3	Ġrock	13.516276
67	4	Ġclimbing	2.372808
67	5	Ġcourage	17.658774
67	6	Ġstrength	11.245898
67	7	.	6.605786
67	8	Ġclimbers	12.573115
67	9	Ġwho	5.178595
67	10	Ġsport	12.013243
67	11	Ġbould	8.253974
67	12	ers	3.403032
67	13	.	3.964448
67	14	Ġthey	7.820617
67	15	Ġthey	12.412431
67	16	Ġropes	14.516416
67	17	Ġrock	8.440944
67	18	Ġfaces	9.786184
67	19	.	1.334022
68	1	<|endoftext|>	0.000000
68	2	Ġboys	21.256032
68	3	Ġtrip	14.568686
68	4	Ġrock	14.342744
68	5	Ġclimbing	5.121866
68	6	.	5.441449
68	7	Ġheights	17.227620
68	8	.	3.783834
68	9	Ġsomeone	13.824226
68	10	Ġtheir	13.591811
68	11	Ġknots	22.182739
68	12	Ġharness	15.873605
68	13	es	2.166949
68	14	Ġthem	5.699689
68	15	.	1.367401
68	16	Ġadults	12.007421
68	17	Ġclimbing	6.678137
68	18	Ġroutes	10.067238
68	19	Ġbeginners	17.143016
68	20	.	1.545496
69	1	<|endoftext|>	0.000000
69	2	Ġclimbing	24.173260
69	3	Ġstyle	11.107940
69	4	Ġrock	11.132360
69	5	Ġclimbing	1.565731
69	6	.	3.928028
69	7	Ġclim	15.215811
69	8	ber	0.531647
69	9	Ġher	14.297874
69	10	Ġskill	14.162309
69	11	Ġstrength	11.947815
69	12	Ġrock	10.226705
69	13	Ġface	12.914620
69	14	.	5.546447
69	15	Ġrope	8.381240
69	16	Ġbolts	15.048247
69	17	Ġequipment	14.807998
69	18	.	3.919680
69	19	Ġthey	11.701449
69	20	Ġclim	12.751037
69	21	ber	0.230273
69	22	Ġshe	8.156053
69	23	.	8.542801
70	1	<|endoftext|>	0.000000
70	2	Ġi	15.053864
70	3	Ġtrail	20.450987
70	4	Ġmy	4.421369
70	5	Ġbuddies	11.134672
70	6	Ġme	13.835096
70	7	.	6.374066
70	8	Ġi	3.964674
70	9	Ġturn	11.254615
70	10	Ġi	12.121061
70	11	Ġmyself	12.102990
70	12	.	2.549357
70	13	Ġi	0.883536
70	14	Ġstop	7.422088
70	15	Ġpart	12.913869
70	16	Ġslope	19.723507
70	17	.	1.742325
70	18	Ġmy	6.430819
70	19	Ġsk	9.530071
70	20	is	2.432144
70	21	Ġmy	8.387097
70	22	Ġpoles	12.564850
70	23	Ġsnow	11.591362
70	24	Ġdrift	8.199852
70	25	Ġhill	12.482524
70	26	.	2.246240
71	1	<|endoftext|>	0.000000
71	2	Ġstrength	21.125292
71	3	Ġsk	14.651352
71	4	iers	7.192692
71	5	Ġthey	13.007941
71	6	Ġpoles	23.375177
71	7	.	5.831575
71	8	Ġuse	12.990986
71	9	Ġski	9.847080
71	10	Ġpoles	0.880196
71	11	Ġtheir	11.003211
71	12	Ġbalance	11.209576
71	13	Ġflair	19.283464
71	14	Ġtheir	8.601601
71	15	Ġskiing	8.129602
71	16	.	4.397953
71	17	Ġit	8.536199
71	18	Ġneed	12.454688
71	19	Ġbody	12.415785
71	20	Ġmovements	9.214728
71	21	Ġbalance	11.346154
71	22	Ġskiing	7.419614
71	23	.	2.295861
72	1	<|endoftext|>	0.000000
72	2	Ġski	25.287399
72	3	Ġdesigns	15.067433
72	4	Ġboots	16.185542
72	5	Ġsk	10.655757
72	6	iers	3.599446
72	7	.	6.758436
72	8	Ġturns	19.114898
72	9	Ġtwisting	17.683374
72	10	Ġforce	11.356889
72	11	Ġlegs	13.661672
72	12	.	4.062409
72	13	Ġinjuries	16.021549
72	14	Ġlig	12.300018
72	15	aments	0.927257
72	16	Ġsk	10.070363
72	17	ier	3.082178
72	18	Ġknee	7.996516
72	19	.	2.335371
73	1	<|endoftext|>	0.000000
73	2	Ġaccord	21.913094
73	3	ion	1.425897
73	4	Ġinstrument	11.980386
73	5	Ġkeyboards	15.415754
73	6	.	3.873008
73	7	Ġkeyboard	12.200374
73	8	Ġnotes	11.048633
73	9	Ġchords	11.490458
73	10	.	5.663943
73	11	Ġaccord	8.404312
73	12	ions	3.401180
73	13	Ġsound	6.842855
73	14	Ġbell	18.877410
73	15	ows	2.641636
73	16	Ġair	15.466876
73	17	Ġre	14.445264
73	18	eds	5.522593
73	19	.	1.529859
73	20	Ġaccord	0.886630
73	21	ion	1.638647
73	22	ist	9.996615
73	23	Ġkeyboards	4.175799
73	24	Ġbell	16.678505
73	25	ows	0.296671
73	26	.	5.922297
74	1	<|endoftext|>	0.000000
74	2	Ġapartment	22.775087
74	3	Ġself	15.058085
74	4	Ġhome	9.623796
74	5	Ġpart	12.027541
74	6	Ġbuilding	12.000105
74	7	.	4.437745
74	8	Ġapartment	12.366033
74	9	Ġrooms	11.734054
74	10	Ġkitchen	11.304322
74	11	Ġbathroom	7.010470
74	12	.	5.552923
74	13	Ġapartments	6.895062
74	14	Ġpeople	11.731715
74	15	Ġothers	15.988571
74	16	Ġfamilies	12.074123
74	17	.	4.461930
74	18	Ġbuilding	8.341631
74	19	Ġgarage	9.760347
74	20	Ġfacility	12.051227
74	21	Ġstorage	6.815520
74	22	Ġspace	5.488151
74	23	.	2.318538
75	1	<|endoftext|>	0.000000
75	2	Ġapple	22.590106
75	3	Ġfruit	12.753102
75	4	.	6.061052
75	5	Ġapples	11.277482
75	6	Ġskin	12.686857
75	7	Ġpulp	11.553903
75	8	Ġseeds	10.103718
75	9	.	2.627248
75	10	Ġapples	4.075566
75	11	Ġcider	8.226372
75	12	.	3.569153
75	13	Ġapples	0.958072
75	14	Ġpies	13.223999
75	15	.	0.341379
76	1	<|endoftext|>	0.000000
76	2	Ġarson	24.276069
76	3	Ġact	10.419858
76	4	Ġbuilding	14.525780
76	5	Ġwild	15.309345
76	6	land	6.183358
76	7	.	9.091275
76	8	Ġfire	9.324919
76	9	Ġinvestigation	9.942187
76	10	Ġfire	11.139619
76	11	Ġaccident	9.744973
76	12	Ġarson	6.474546
76	13	.	5.304143
76	14	Ġarson	4.173745
76	15	Ġdamage	9.543392
76	16	Ġothers	14.570630
76	17	Ġinsurance	12.985195
76	18	.	4.135416
76	19	Ġseverity	15.760655
76	20	Ġcrime	9.988461
76	21	Ġpeople	12.064444
76	22	.	4.197478
77	1	<|endoftext|>	0.000000
77	2	Ġautomobile	24.653182
77	3	Ġcar	7.494886
77	4	Ġvehicle	9.242136
77	5	Ġpassengers	13.274808
77	6	.	6.728389
77	7	Ġcar	6.829328
77	8	Ġgasoline	14.157685
77	9	Ġengine	7.055522
77	10	.	3.998774
77	11	Ġdriver	9.596836
77	12	Ġcar	4.062793
77	13	Ġroads	12.279308
77	14	Ġpassengers	12.903806
77	15	.	0.280520
77	16	Ġautomobiles	8.252061
77	17	Ġsize	14.649558
77	18	Ġnumber	8.468909
77	19	Ġdoors	16.024693
77	20	Ġtype	8.357592
77	21	Ġtrunk	9.992705
77	22	.	5.535116
78	1	<|endoftext|>	0.000000
78	2	Ġaxe	24.654288
78	3	Ġtool	10.497231
78	4	Ġwood	12.205545
78	5	.	6.853891
78	6	Ġaxe	11.082982
78	7	Ġhead	7.770948
78	8	Ġhandle	8.326921
78	9	.	2.709681
78	10	Ġheads	12.290960
78	11	Ġstone	10.902231
78	12	Ġmetal	9.669890
78	13	.	1.372681
78	14	Ġaxes	6.223040
78	15	Ġwood	8.295699
78	16	cut	10.066352
78	17	ters	5.215723
78	18	Ġfire	12.425931
78	19	men	11.105101
78	20	Ġbuildings	15.711105
78	21	.	1.329486
79	1	<|endoftext|>	0.000000
79	2	Ġbanana	23.954459
79	3	Ġfruit	10.724230
79	4	Ġbunch	17.388848
79	5	s	11.223624
79	6	Ġinside	12.655892
79	7	.	4.123102
79	8	Ġbanana	9.185609
79	9	Ġspots	15.320320
79	10	.	4.349209
79	11	Ġproducers	19.440151
79	12	Ġcountries	15.781839
79	13	Ġind	11.998595
79	14	ia	1.481301
79	15	Ġec	13.872729
79	16	uador	0.217681
79	17	.	8.824781
79	18	Ġun	10.341276
79	19	ri	7.975690
79	20	pe	0.909347
79	21	Ġbananas	4.019078
79	22	Ġplant	7.723856
79	23	ains	9.613049
79	24	Ġfoods	11.376943
79	25	Ġpotatoes	11.048459
79	26	.	2.523026
80	1	<|endoftext|>	0.000000
80	2	Ġbed	20.247713
80	3	Ġpiece	15.809288
80	4	Ġfurniture	11.758770
80	5	Ġplace	13.477536
80	6	Ġsex	14.114781
80	7	.	8.613624
80	8	Ġbed	7.356518
80	9	Ġmattress	8.096730
80	10	Ġbox	9.901929
80	11	Ġspring	12.618961
80	12	Ġsheets	10.479877
80	13	Ġpill	8.645534
80	14	ows	0.057810
80	15	Ġcovers	9.183472
80	16	.	5.151906
80	17	Ġwater	10.465687
80	18	bed	9.580175
80	19	s	6.101406
80	20	Ġmattress	5.551488
80	21	Ġwater	9.563978
80	22	Ġair	12.941331
80	23	bed	5.872896
80	24	s	1.514699
80	25	Ġit	13.484918
80	26	Ġair	10.076522
80	27	.	3.872027
80	28	Ġtype	13.080252
80	29	Ġbed	2.186620
80	30	Ġhamm	13.075472
80	31	ock	0.438033
80	32	Ġfabric	9.103752
80	33	Ġsling	15.364948
80	34	Ġground	11.632583
80	35	.	5.133301
81	1	<|endoftext|>	0.000000
81	2	Ġbee	23.629046
81	3	Ġinsect	13.798314
81	4	Ġbody	12.675640
81	5	Ġlegs	14.376456
81	6	.	3.866786
81	7	Ġbees	10.642317
81	8	Ġpollen	11.495956
81	9	Ġflowers	10.801271
81	10	Ġthey	10.637138
81	11	Ġn	9.761076
81	12	ectar	0.794307
81	13	Ġhoney	7.002037
81	14	.	4.260649
81	15	Ġbees	2.952285
81	16	Ġinsects	9.843571
81	17	Ġcolony	9.440961
81	18	Ġhive	7.305769
81	19	.	3.429946
81	20	Ġbees	1.930104
81	21	Ġsting	8.884989
81	22	ers	3.910583
81	23	Ġthey	7.216373
81	24	.	12.004081
82	1	<|endoftext|>	0.000000
82	2	Ġbicycle	23.186453
82	3	Ġvehicle	11.008331
82	4	Ġwheels	13.950276
82	5	Ġpedals	11.789156
82	6	Ġframe	11.178982
82	7	.	7.881274
82	8	Ġbicycle	10.641337
82	9	Ġped	7.998037
82	10	alling	3.117499
82	11	Ġcyclist	11.708569
82	12	Ġsaddle	9.399175
82	13	.	3.555938
82	14	Ġwheels	8.489824
82	15	Ġrubber	11.728998
82	16	Ġtires	5.886862
82	17	Ġtube	10.261024
82	18	Ġair	12.098915
82	19	.	4.501264
82	20	Ġpeople	13.492401
82	21	Ġbicycles	5.989284
82	22	Ġtransportation	11.104920
82	23	Ġrecreation	14.886927
82	24	Ġracing	11.159504
82	25	.	3.741499
83	1	<|endoftext|>	0.000000
83	2	Ġblack	18.286632
83	3	smith	7.173181
83	4	Ġobjects	14.790452
83	5	Ġiron	13.851326
83	6	Ġsteel	10.426502
83	7	.	8.384279
83	8	Ġhamm	16.379077
83	9	ers	1.671366
83	10	Ġbends	15.947182
83	11	Ġiron	3.449427
83	12	Ġan	12.585236
83	13	vil	0.257670
83	14	Ġits	12.060736
83	15	Ġshape	7.779968
83	16	.	1.845749
83	17	Ġblack	5.866443
83	18	smith	0.031576
83	19	s	4.376148
83	20	Ġa	8.634913
83	21	pron	5.323941
83	22	Ġmetal	7.142017
83	23	Ġtong	10.320781
83	24	s	0.096359
83	25	.	2.997516
83	26	Ġblack	1.696939
83	27	smith	0.014501
83	28	s	0.357244
83	29	Ġobjects	13.117807
83	30	Ġweapons	10.780197
83	31	Ġhorse	13.164467
83	32	Ġshoes	11.366047
83	33	Ġiron	5.758237
83	34	Ġfurniture	12.002023
83	35	.	3.456456
84	1	<|endoftext|>	0.000000
84	2	Ġblender	26.978156
84	3	Ġkitchen	16.798163
84	4	Ġappliance	5.351091
84	5	Ġingredients	10.298268
84	6	Ġfood	10.742583
84	7	.	8.643156
84	8	Ġbl	12.019909
84	9	enders	0.346543
84	10	Ġglass	12.663301
84	11	Ġplastic	11.026135
84	12	Ġcontainer	5.366046
84	13	Ġblade	13.816581
84	14	Ġbottom	11.307733
84	15	.	6.148644
84	16	Ġbl	7.686207
84	17	enders	0.177606
84	18	Ġmilk	9.937469
84	19	Ġshakes	13.629122
84	20	Ġfruit	9.584228
84	21	Ġsmooth	5.865245
84	22	ies	1.584072
84	23	.	4.505431
84	24	Ġbl	3.852643
84	25	enders	0.068678
84	26	Ġdrinks	10.951016
84	27	Ġice	6.383005
84	28	.	4.448982
85	1	<|endoftext|>	0.000000
85	2	Ġboy	20.401908
85	3	Ġchild	10.626329
85	4	Ġwho	6.494641
85	5	Ġpuberty	20.266148
85	6	.	8.780998
85	7	Ġterm	16.226219
85	8	Ġsex	9.271227
85	9	Ġdistinctions	17.071102
85	10	Ġgirls	11.410441
85	11	.	5.145566
85	12	Ġboys	5.781517
85	13	Ġgames	12.756875
85	14	.	2.957195
85	15	Ġadult	9.262887
85	16	Ġmale	4.934050
85	17	Ġbehaving	15.833763
85	18	Ġboy	7.699941
85	19	.	1.750714
86	1	<|endoftext|>	0.000000
86	2	Ġbroccoli	25.922403
86	3	Ġplant	9.598842
86	4	Ġcabbage	10.314534
86	5	Ġfamily	13.070320
86	6	.	4.871394
86	7	Ġbroccoli	8.981896
86	8	Ġflower	9.047608
86	9	Ġhead	10.897373
86	10	Ġstalk	9.348580
86	11	.	4.034238
86	12	Ġbroccoli	1.944386
86	13	Ġvitamins	18.667007
86	14	Ġfiber	11.669928
86	15	Ġnutrients	11.906597
86	16	.	2.213300
86	17	Ġbroccoli	1.322197
86	18	.	8.584671
87	1	<|endoftext|>	0.000000
87	2	Ġbutterfly	24.699956
87	3	Ġinsect	11.330575
87	4	Ġwings	10.305690
87	5	.	3.317689
87	6	Ġwings	13.166550
87	7	Ġbutterflies	13.294227
87	8	.	4.986028
87	9	Ġmet	15.021306
87	10	amorph	2.390559
87	11	osis	0.779132
87	12	Ġtransformation	10.164329
87	13	Ġcater	10.285890
87	14	pillar	1.042538
87	15	Ġbutterfly	3.413216
87	16	.	3.884349
87	17	Ġpeople	13.804665
87	18	Ġbutterflies	5.191157
87	19	Ġtheir	13.055967
87	20	Ġwings	3.840495
87	21	.	1.517328
88	1	<|endoftext|>	0.000000
88	2	Ġcar	19.177326
88	3	penter	6.259214
88	4	Ġartist	11.993415
88	5	Ġlab	14.973126
88	6	orer	1.934564
88	7	Ġwho	5.566679
88	8	Ġwood	16.313623
88	9	.	10.670344
88	10	Ġcar	9.927407
88	11	pent	5.851379
88	12	ers	0.074638
88	13	Ġrepair	12.988688
88	14	Ġhouses	8.000923
88	15	Ġfurniture	11.333075
88	16	Ġboats	14.464411
88	17	Ġobjects	13.567169
88	18	.	5.621477
88	19	Ġcar	2.572240
88	20	pent	0.638607
88	21	ers	0.009259
88	22	Ġtools	7.621005
88	23	Ġhamm	11.708473
88	24	ers	0.040262
88	25	Ġsaw	7.287462
88	26	s	1.171840
88	27	Ġpl	7.622477
88	28	iers	0.428938
88	29	Ġplanes	11.354404
88	30	.	4.342633
88	31	Ġcar	1.823974
88	32	penter	3.100543
88	33	Ġrepairs	10.801593
88	34	Ġinstruments	8.284641
88	35	.	3.689400
89	1	<|endoftext|>	0.000000
89	2	Ġcats	22.258919
89	3	Ġanimals	14.651579
89	4	Ġlegs	14.005466
89	5	Ġtail	10.906619
89	6	.	9.229150
89	7	Ġcats	9.009709
89	8	Ġthemselves	15.117030
89	9	Ġtheir	10.182317
89	10	Ġfur	8.206493
89	11	.	1.811642
89	12	Ġcats	2.677763
89	13	Ġmice	12.537937
89	14	Ġbirds	9.167096
89	15	Ġtheir	6.890913
89	16	Ġowners	10.884343
89	17	.	1.583182
89	18	Ġclaws	11.693212
89	19	Ġcats	7.933108
89	20	Ġthey	9.503095
89	21	.	8.256957
90	1	<|endoftext|>	0.000000
90	2	Ġchair	21.811753
90	3	Ġpiece	14.798279
90	4	Ġfurniture	12.488306
90	5	Ġpeople	13.437514
90	6	.	6.817495
90	7	Ġchairs	10.179911
90	8	Ġseat	10.370771
90	9	Ġfloor	10.327912
90	10	Ġlevel	8.821380
90	11	Ġlegs	11.374545
90	12	.	4.942262
90	13	Ġchairs	4.665247
90	14	Ġarm	8.233591
90	15	Ġcushion	9.841282
90	16	.	3.285887
90	17	Ġseats	7.302711
90	18	Ġchairs	6.627789
90	19	Ġvehicles	17.943491
90	20	Ġplaces	14.409229
90	21	Ġcinem	20.728216
90	22	as	0.381580
90	23	.	2.480469
91	1	<|endoftext|>	0.000000
91	2	Ġclar	23.152348
91	3	inet	6.132348
91	4	Ġwood	12.660442
91	5	wind	3.337377
91	6	Ġinstrument	3.558155
91	7	.	3.314334
91	8	Ġclar	13.065917
91	9	inet	0.113180
91	10	Ġtube	15.168994
91	11	Ġflare	17.576818
91	12	Ġbottom	12.959198
91	13	.	2.482782
91	14	Ġplayer	12.767117
91	15	Ġnotes	9.123519
91	16	Ġkeys	12.273111
91	17	Ġholes	14.089988
91	18	.	1.211990
91	19	Ġclar	4.888352
91	20	inet	0.028756
91	21	Ġjazz	14.821637
91	22	Ġmusic	8.295652
91	23	.	2.600061
92	1	<|endoftext|>	0.000000
92	2	Ġcod	22.122759
92	3	Ġfish	13.517890
92	4	Ġareas	16.717360
92	5	Ġat	6.387004
92	6	l	15.285462
92	7	antic	1.772992
92	8	.	3.615546
92	9	Ġcod	17.632846
92	10	Ġflesh	15.204264
92	11	Ġtasting	14.139003
92	12	Ġflakes	13.485268
92	13	.	3.632859
92	14	Ġcod	1.853258
92	15	Ġfish	4.454264
92	16	Ġchips	10.240801
92	17	Ġcod	8.435444
92	18	Ġdishes	12.036952
92	19	.	2.172126
92	20	Ġcod	0.950770
92	21	Ġtime	11.713983
92	22	Ġv	10.268093
92	23	ik	9.493056
92	24	ings	0.168965
92	25	.	1.725812
93	1	<|endoftext|>	0.000000
93	2	Ġcoffee	21.978750
93	3	Ġcoffee	8.371256
93	4	Ġbeans	6.274856
93	5	Ġseeds	13.929605
93	6	Ġcoffee	5.727289
93	7	Ġplant	9.002854
93	8	.	9.074955
93	9	Ġcoffee	5.225213
93	10	Ġdrink	11.207754
93	11	Ġcountries	15.175152
93	12	.	4.311509
93	13	Ġcoffee	1.365949
93	14	Ġdrug	12.595313
93	15	Ġcaffeine	10.236980
93	16	Ġpeople	12.437783
93	17	.	1.177115
93	18	Ġcoffee	0.790807
93	19	Ġworld	10.332339
93	20	Ġexport	14.937987
93	21	.	2.444822
94	1	<|endoftext|>	0.000000
94	2	Ġdesert	22.761516
94	3	Ġenvironment	12.871426
94	4	Ġrain	13.171078
94	5	.	9.031685
94	6	Ġdeserts	12.556330
94	7	Ġsand	9.795399
94	8	Ġd	3.484149
94	9	unes	0.228554
94	10	Ġrocks	8.957504
94	11	.	3.476482
94	12	Ġanimals	11.738165
94	13	Ġplants	8.374910
94	14	Ġdeserts	9.469011
94	15	.	5.546356
94	16	Ġdesert	4.903867
94	17	Ġsa	11.746967
94	18	h	6.478517
94	19	ara	3.772161
94	20	Ġaf	14.298539
94	21	rica	4.907427
94	22	.	5.124881
95	1	<|endoftext|>	0.000000
95	2	Ġdesk	22.610760
95	3	Ġpiece	12.633485
95	4	Ġfurniture	12.331938
95	5	Ġcomputer	13.451448
95	6	.	9.518036
95	7	Ġdesk	6.760344
95	8	Ġsurface	9.135049
95	9	Ġwood	7.488319
95	10	Ġplastic	12.190449
95	11	Ġmetal	7.903320
95	12	.	4.979092
95	13	Ġdesk	1.621436
95	14	Ġdraw	8.561155
95	15	ers	0.105476
95	16	Ġsupplies	14.342808
95	17	Ġpapers	10.852835
95	18	.	3.214461
95	19	Ġcub	13.932839
95	20	icle	1.037177
95	21	Ġdesk	4.242691
95	22	Ġpartitions	13.527106
95	23	Ġsides	13.897478
95	24	.	3.640389
96	1	<|endoftext|>	0.000000
96	2	Ġdoor	21.168296
96	3	Ġbarrier	16.329582
96	4	Ġentrance	11.360698
96	5	Ġexit	11.386472
96	6	Ġarea	9.177827
96	7	.	2.948269
96	8	Ġdoors	11.253114
96	9	Ġlocks	12.789878
96	10	Ġwho	14.305063
96	11	Ġthem	16.563887
96	12	.	2.711350
96	13	Ġdoors	4.123958
96	14	Ġhandle	8.857100
96	15	Ġthey	9.159895
96	16	.	2.582049
96	17	Ġtypes	14.197133
96	18	Ġdoors	4.840338
96	19	Ġchamber	14.858751
96	20	.	4.578160
97	1	<|endoftext|>	0.000000
97	2	Ġdress	21.454349
97	3	Ġpiece	15.489557
97	4	Ġclothing	14.189284
97	5	Ġwomen	14.026052
97	6	.	7.722790
97	7	Ġdress	9.388097
97	8	Ġshirt	7.471349
97	9	Ġskirt	8.002333
97	10	.	6.970354
97	11	Ġdress	2.300147
97	12	Ġoccasions	20.477178
97	13	Ġwedding	10.069136
97	14	Ġdance	11.083789
97	15	.	3.819736
97	16	Ġit	12.298028
97	17	Ġstairs	20.582042
97	18	Ġbike	12.539562
97	19	Ġdress	9.116059
97	20	.	2.100481
98	1	<|endoftext|>	0.000000
98	2	Ġdriving	21.430920
98	3	Ġact	14.242527
98	4	Ġeffects	13.874768
98	5	Ġalcohol	12.513985
98	6	.	5.368114
98	7	Ġdriving	10.273514
98	8	Ġvehicle	10.305192
98	9	Ġcrime	13.745021
98	10	Ġworld	13.843351
98	11	.	3.857917
98	12	Ġit	10.228997
98	13	Ġrole	15.440531
98	14	Ġhalf	15.546981
98	15	Ġvehicle	9.689296
98	16	Ġdeaths	9.802102
98	17	.	2.836591
98	18	Ġdrivers	7.771048
98	19	Ġfield	15.138734
98	20	Ġsob	5.856062
98	21	ri	0.009120
98	22	ety	0.005420
98	23	Ġbreathing	17.421628
98	24	Ġtests	6.748763
98	25	.	1.537549
99	1	<|endoftext|>	0.000000
99	2	Ġdrought	24.091088
99	3	Ġshortage	14.882671
99	4	Ġwater	11.683695
99	5	Ġsupply	3.955306
99	6	Ġlack	15.084038
99	7	Ġrain	11.460883
99	8	.	6.535571
99	9	Ġdrought	11.005424
99	10	Ġcrops	13.321589
99	11	Ġplants	8.807871
99	12	.	4.872472
99	13	Ġdrought	3.346156
99	14	Ġareas	9.713963
99	15	Ġdesert	10.593742
99	16	Ġfamine	15.678569
99	17	.	2.042824
99	18	Ġnumbers	14.925169
99	19	Ġpeople	9.593812
99	20	Ġdust	15.755281
99	21	Ġbowls	11.176429
99	22	.	1.844069
100	1	<|endoftext|>	0.000000
100	2	Ġe	15.508179
100	3	agles	8.714722
100	4	Ġbirds	14.318407
100	5	Ġprey	10.584787
100	6	Ġhunt	15.106508
100	7	Ġday	11.182942
100	8	Ġeyes	14.909179
100	9	ight	10.315074
100	10	.	4.863223
100	11	Ġe	5.459831
100	12	agles	0.076870
100	13	Ġbe	9.060713
100	14	aks	2.874142
100	15	Ġflesh	14.386697
100	16	Ġlegs	14.938578
100	17	Ġtal	13.917655
100	18	ons	0.125013
100	19	.	2.357562
100	20	Ġe	1.135782
100	21	agles	0.023416
100	22	Ġey	12.104182
100	23	ries	15.308905
100	24	Ġspecies	10.465763
100	25	Ġfish	10.135408
100	26	Ġothers	13.943932
100	27	Ġmammals	11.839620
100	28	.	2.807064
100	29	Ġeagle	4.951904
100	30	Ġhead	9.041242
100	31	Ġbird	7.298096
100	32	Ġunited	17.106528
100	33	Ġstates	10.684608
100	34	.	2.795015
101	1	<|endoftext|>	0.000000
101	2	Ġearthquakes	25.969347
101	3	Ġground	18.413423
101	4	Ġbuildings	10.095675
101	5	Ġstructures	17.465091
101	6	.	4.708895
101	7	Ġlandsl	22.978756
101	8	ides	0.011442
101	9	Ġactivity	17.237432
101	10	.	3.223038
101	11	Ġearthquakes	5.624363
101	12	Ġrelease	12.009213
101	13	Ġenergy	6.743979
101	14	Ġearth	16.383340
101	15	Ġcrust	8.599883
101	16	.	3.239101
101	17	Ġearthquake	5.367443
101	18	Ġsea	12.994368
101	19	Ġse	12.798868
101	20	ab	3.889567
101	21	ed	0.831465
101	22	Ġtsunami	9.250262
101	23	.	2.223077
102	1	<|endoftext|>	0.000000
102	2	Ġelephants	24.987153
102	3	Ġkind	17.439664
102	4	Ġland	15.591789
102	5	Ġmammal	8.963002
102	6	Ġtons	15.255973
102	7	.	7.154911
102	8	Ġelephant	9.665061
102	9	Ġnose	12.755073
102	10	Ġtrunk	11.919376
102	11	Ġthings	13.021288
102	12	Ġfood	11.560333
102	13	.	2.873894
102	14	Ġelephant	1.762205
102	15	Ġpair	13.089556
102	16	Ġivory	10.149624
102	17	Ġt	7.395164
102	18	us	0.717980
102	19	ks	0.018561
102	20	Ġobjects	12.227645
102	21	Ġtrees	10.845136
102	22	.	1.602875
102	23	Ġelephant	0.606507
102	24	Ġits	14.230527
102	25	Ġears	6.826551
102	26	Ġblood	10.082100
102	27	Ġthem	13.109420
102	28	Ġits	11.685074
102	29	Ġbody	5.379173
102	30	.	1.803162
103	1	<|endoftext|>	0.000000
103	2	Ġeye	20.862453
103	3	Ġorgan	22.639529
103	4	Ġlight	13.903366
103	5	Ġit	11.648375
103	6	Ġcortex	20.777624
103	7	.	6.027164
103	8	Ġanimals	18.972620
103	9	Ġeyes	9.642263
103	10	Ġcolor	6.325371
103	11	Ġmotion	13.100799
103	12	Ġtexture	9.242293
103	13	.	6.537047
103	14	Ġf	10.345351
103	15	ove	4.196884
103	16	a	1.491794
103	17	Ġcenter	10.171699
103	18	Ġeye	4.964631
103	19	Ġpart	6.718403
103	20	Ġit	10.613786
103	21	.	6.213823
103	22	Ġinsects	11.524675
103	23	Ġeyes	2.441690
103	24	Ġeye	5.973473
103	25	Ġunits	17.070071
103	26	Ġdirections	14.143600
103	27	.	2.087605
104	1	<|endoftext|>	0.000000
104	2	Ġfarm	21.389083
104	3	Ġland	7.869867
104	4	Ġplants	13.147011
104	5	Ġanimals	14.311254
104	6	Ġfood	7.561285
104	7	.	9.062004
104	8	Ġfarmers	11.864912
104	9	Ġpeople	9.532354
104	10	Ġwho	5.756416
104	11	Ġfarm	5.378153
104	12	Ġwhat	10.000220
104	13	.	5.177481
104	14	Ġfarms	5.875195
104	15	Ġhouse	9.902029
104	16	Ġfarmers	9.276854
104	17	Ġsil	16.183420
104	18	o	3.249031
104	19	Ġbarn	10.181290
104	20	.	3.911940
104	21	Ġcooperative	16.385965
104	22	Ġfarm	2.760248
104	23	Ġfarmers	8.498283
104	24	Ġland	8.259197
104	25	Ġequipment	11.495598
104	26	.	1.934939
105	1	<|endoftext|>	0.000000
105	2	Ġprimates	25.494736
105	3	Ġfingers	19.368416
105	4	Ġthumb	11.225544
105	5	Ġhand	8.910619
105	6	.	7.352700
105	7	Ġfingers	14.075575
105	8	Ġwriting	17.452227
105	9	Ġgrooming	15.769787
105	10	Ġactivities	9.637434
105	11	.	2.523900
105	12	Ġfingertips	8.727679
105	13	Ġtemperature	14.688290
105	14	Ġpressure	10.665768
105	15	Ġvibration	10.928653
105	16	.	2.901380
105	17	Ġnail	9.331633
105	18	Ġtip	9.585911
105	19	Ġfinger	6.757344
105	20	.	2.847355
106	1	<|endoftext|>	0.000000
106	2	Ġflood	23.196624
106	3	Ġoverflow	15.543557
106	4	Ġexp	17.991144
106	5	anse	5.566875
106	6	Ġwater	9.871229
106	7	Ġland	14.867661
106	8	.	5.769298
106	9	Ġflood	10.592632
106	10	Ġrain	10.578729
106	11	Ġsnow	10.451287
106	12	Ġmelt	7.074076
106	13	Ġearthquakes	14.655295
106	14	Ġsea	8.699923
106	15	.	6.872222
106	16	Ġflood	4.252862
106	17	Ġriver	7.985910
106	18	Ġits	12.472047
106	19	Ġchannel	11.318272
106	20	Ġdams	14.233901
106	21	Ġleve	9.047589
106	22	es	0.573932
106	23	.	2.111077
106	24	Ġflood	2.260748
106	25	Ġpeople	11.811912
106	26	Ġwater	6.321155
106	27	Ġdiseases	14.087497
106	28	.	3.707971
107	1	<|endoftext|>	0.000000
107	2	Ġfloor	21.326751
107	3	Ġsurface	9.720574
107	4	Ġbuilding	12.589178
107	5	.	4.374233
107	6	Ġfloors	15.164779
107	7	Ġconcrete	11.909899
107	8	Ġtile	7.398008
107	9	Ġfloor	2.919020
107	10	boards	7.408857
107	11	.	4.480236
107	12	Ġpeople	13.011407
107	13	Ġcarp	10.116348
107	14	ets	0.050460
107	15	Ġfloor	5.549760
107	16	Ġcomfort	19.334074
107	17	Ġnoise	15.159246
107	18	.	5.024148
107	19	Ġbuildings	10.763948
107	20	Ġfloor	4.412972
107	21	Ġpipes	12.410293
107	22	Ġwiring	12.485555
107	23	Ġit	13.200274
107	24	.	3.604627
108	1	<|endoftext|>	0.000000
108	2	Ġfoot	20.909766
108	3	Ġbody	13.236701
108	4	Ġpart	6.922621
108	5	Ġend	12.837695
108	6	Ġleg	10.962828
108	7	.	7.624457
108	8	Ġpeople	15.398842
108	9	Ġtheir	14.002836
108	10	Ġfeet	4.029679
108	11	.	4.189787
108	12	Ġpeople	5.945526
108	13	Ġtheir	1.185055
108	14	Ġfeet	1.409597
108	15	Ġfighting	17.481049
108	16	Ġsports	9.609829
108	17	.	1.066307
108	18	Ġcultures	14.785648
108	19	Ġrules	13.495871
108	20	Ġbehavior	14.180750
108	21	Ġfeet	13.975281
108	22	.	1.802508
109	1	<|endoftext|>	0.000000
109	2	Ġforest	23.122564
109	3	Ġarea	9.347180
109	4	Ġdensity	12.126133
109	5	Ġtrees	10.963360
109	6	Ġcanopy	9.212917
109	7	Ġcover	6.219614
109	8	.	8.795876
109	9	Ġtype	13.413746
109	10	Ġforest	3.936105
109	11	Ġtemperature	10.896030
109	12	Ġrainfall	8.945921
109	13	Ġits	14.471095
109	14	Ġlocation	9.110704
109	15	.	5.535865
109	16	Ġforest	5.296230
109	17	Ġecosystem	11.795174
109	18	Ġtypes	7.497414
109	19	Ġtrees	5.129345
109	20	Ġanimals	11.365179
109	21	Ġground	9.809948
109	22	Ġplants	5.107752
109	23	.	6.598149
109	24	Ġdeforestation	10.616779
109	25	Ġcutting	14.606265
109	26	Ġforests	6.372073
109	27	Ġregeneration	12.516414
109	28	.	5.784009
110	1	<|endoftext|>	0.000000
110	2	Ġfork	22.884067
110	3	Ġtool	13.976835
110	4	Ġfoods	21.462257
110	5	Ġhandle	15.549196
110	6	Ġt	9.768814
110	7	ines	9.214296
110	8	.	4.912102
110	9	Ġforks	6.343706
110	10	Ġmetal	14.363031
110	11	Ġplastic	12.701073
110	12	.	5.881449
110	13	Ġforks	2.593572
110	14	Ġfood	7.259989
110	15	Ġmouth	11.303796
110	16	Ġfood	7.484221
110	17	Ġplace	13.161571
110	18	.	4.469392
110	19	Ġforks	1.658116
110	20	Ġcultures	19.005228
110	21	Ġthere	13.716260
110	22	Ġkinds	14.273466
110	23	Ġfoods	9.029814
110	24	.	2.603376
111	1	<|endoftext|>	0.000000
111	2	Ġpan	21.366778
111	3	Ġpan	5.875090
111	4	Ġsides	10.949692
111	5	Ġhandle	16.727404
111	6	.	3.785077
111	7	Ġpan	10.865675
111	8	Ġfood	11.120898
111	9	.	5.393807
111	10	Ġfood	9.496859
111	11	Ġoil	11.886297
111	12	Ġbottom	12.436874
111	13	Ġpan	3.366930
111	14	.	1.811955
111	15	Ġpans	6.948354
111	16	Ġiron	11.812770
111	17	Ġte	16.238061
111	18	fl	2.658515
111	19	on	0.040175
111	20	Ġsteel	10.656647
111	21	.	3.344249
112	1	<|endoftext|>	0.000000
112	2	Ġgirl	20.195359
112	3	Ġhuman	15.554829
112	4	Ġwho	7.641550
112	5	Ġmaturity	23.560875
112	6	.	7.365761
112	7	Ġpuberty	16.509470
112	8	Ġbody	10.024241
112	9	Ġgirl	8.609805
112	10	Ġwoman	7.274283
112	11	.	4.752599
112	12	Ġgirls	8.568354
112	13	Ġdolls	14.063167
112	14	Ġgames	14.037428
112	15	.	4.878962
112	16	Ġgirls	3.439992
112	17	Ġhair	9.730996
112	18	Ġdresses	9.673303
112	19	Ġskirts	11.668240
112	20	.	2.624835
113	1	<|endoftext|>	0.000000
113	2	Ġglove	24.443055
113	3	Ġpiece	11.655582
113	4	Ġclothing	15.070470
113	5	Ġhand	8.596900
113	6	Ġfingers	15.100126
113	7	.	8.099908
113	8	Ġgloves	8.917708
113	9	Ġcold	14.990264
113	10	Ġwool	8.668837
113	11	Ġmaterial	10.942672
113	12	.	3.458389
113	13	Ġrubber	10.218304
113	14	Ġlatex	7.444396
113	15	Ġgloves	0.937953
113	16	Ġhands	9.136831
113	17	Ġger	15.819032
113	18	ms	1.526805
113	19	Ġchemicals	13.758018
113	20	.	1.621833
113	21	Ġm	9.281824
113	22	itten	6.533516
113	23	Ġkind	11.862803
113	24	Ġglove	9.824823
113	25	Ġfingers	8.716407
113	26	.	1.431559
114	1	<|endoftext|>	0.000000
114	2	Ġhammer	23.061987
114	3	Ġtool	11.008747
114	4	Ġimpact	13.736774
114	5	Ġobject	11.101724
114	6	.	5.274200
114	7	Ġhammer	9.104200
114	8	Ġnails	13.066707
114	9	Ġwood	9.786477
114	10	.	4.320133
114	11	Ġclaw	12.462431
114	12	Ġhead	10.090475
114	13	Ġnails	5.962273
114	14	.	4.184631
114	15	Ġhamm	8.329069
114	16	ers	0.168054
114	17	Ġshape	12.700784
114	18	Ġhead	7.855032
114	19	Ġlength	10.370134
114	20	.	1.353324
115	1	<|endoftext|>	0.000000
115	2	Ġhand	19.736817
115	3	Ġgrenade	9.234469
115	4	Ġexplosive	12.055034
115	5	Ġweapon	7.883564
115	6	Ġpeople	16.688486
115	7	.	6.849206
115	8	Ġhand	10.616741
115	9	Ġgrenades	3.059836
115	10	Ġbit	15.992232
115	11	.	4.261375
115	12	Ġgrenades	10.417741
115	13	Ġrifles	14.849620
115	14	Ġshoulder	11.118858
115	15	Ġlaunchers	11.233169
115	16	.	4.274662
115	17	Ġgas	10.151784
115	18	Ġgrenades	2.709498
115	19	Ġmiddle	14.800406
115	20	Ġmob	16.568780
115	21	Ġit	13.598835
115	22	.	1.743949
116	1	<|endoftext|>	0.000000
116	2	Ġhorse	22.406114
116	3	Ġmammal	17.711731
116	4	Ġlegs	12.988071
116	5	.	4.298802
116	6	Ġhorse	11.174599
116	7	Ġtail	11.462263
116	8	Ġman	14.056999
116	9	e	3.012793
116	10	Ġits	13.592404
116	11	Ġneck	6.381846
116	12	.	1.778417
116	13	Ġhorses	6.848717
116	14	Ġdraft	18.247889
116	15	Ġwork	13.710219
116	16	Ġtravel	15.877581
116	17	Ġentertainment	16.073216
116	18	.	1.711393
116	19	Ġhuman	9.415051
116	20	Ġhorse	6.939038
116	21	Ġit	12.284597
116	22	Ġtro	12.293126
116	23	ts	1.520858
116	24	Ġgall	11.080147
116	25	ops	5.322410
116	26	.	0.809394
117	1	<|endoftext|>	0.000000
117	2	Ġpeople	15.331612
117	3	Ġhospitals	19.091370
117	4	Ġthey	11.687275
117	5	.	12.935975
117	6	Ġhospitals	10.703441
117	7	Ġphysicians	12.647973
117	8	Ġsurgeons	10.698583
117	9	Ġnurses	5.783893
117	10	.	8.086235
117	11	Ġpatients	7.771482
117	12	Ġdiagnosis	12.714902
117	13	Ġtherapy	10.871962
117	14	Ġday	11.591350
117	15	.	5.949328
117	16	Ġoperations	12.731076
117	17	Ġtreatments	8.919822
117	18	Ġpatients	7.306241
117	19	Ġweeks	13.897808
117	20	.	2.308421
118	1	<|endoftext|>	0.000000
118	2	Ġhouse	18.628214
118	3	Ġbuilding	9.420879
118	4	Ġstructure	11.216775
118	5	Ġpeople	14.195165
118	6	Ġfamilies	15.191951
118	7	.	7.158111
118	8	Ġhouse	8.043926
118	9	Ġroof	10.209161
118	10	Ġwalls	8.948191
118	11	Ġrain	12.764071
118	12	Ġwindows	8.933771
118	13	Ġlight	8.738599
118	14	.	6.444552
118	15	Ġhouse	3.280723
118	16	Ġrooms	9.360736
118	17	Ġpurposes	17.519350
118	18	Ġcooking	9.700095
118	19	Ġwashing	12.203508
118	20	.	3.992274
118	21	Ġpeople	7.569093
118	22	Ġhouse	4.441335
118	23	Ġnight	12.431371
118	24	.	5.321067
119	1	<|endoftext|>	0.000000
119	2	Ġig	21.906352
119	3	loo	4.542180
119	4	Ġtype	11.615265
119	5	Ġshelter	11.764820
119	6	Ġblocks	14.373059
119	7	Ġsnow	10.130869
119	8	Ġin	4.828456
119	9	uit	18.329008
119	10	.	6.013570
119	11	Ġig	6.105286
119	12	lo	4.973915
119	13	os	0.931331
119	14	Ġplaces	15.532455
119	15	Ġsnow	3.558852
119	16	Ġland	15.643323
119	17	Ġtime	16.039775
119	18	.	4.997039
119	19	Ġig	2.037867
119	20	lo	0.462841
119	21	os	0.039913
119	22	Ġshape	12.372886
119	23	Ġdome	13.581605
119	24	Ġentrance	13.911048
119	25	Ġtunnel	11.988168
119	26	.	1.360287
119	27	Ġair	11.978689
119	28	Ġpockets	8.592185
119	29	Ġsnow	7.880124
119	30	Ġspace	10.079302
119	31	Ġbody	15.870395
119	32	Ġheat	9.480194
119	33	Ġwar	13.835143
119	34	ms	0.543139
119	35	.	3.146163
120	1	<|endoftext|>	0.000000
120	2	Ġknife	21.875566
120	3	Ġtool	9.986163
120	4	Ġedge	14.131780
120	5	Ġthings	15.879384
120	6	.	4.941700
120	7	Ġknives	11.459283
120	8	Ġhandle	9.416851
120	9	Ġblade	7.219884
120	10	Ġmetal	10.282999
120	11	.	3.531009
120	12	Ġknives	4.873798
120	13	Ġweapons	12.878628
120	14	Ġinstruments	11.187411
120	15	Ġrituals	17.937237
120	16	.	3.423191
120	17	Ġknife	4.454759
120	18	.	8.487850
121	1	<|endoftext|>	0.000000
121	2	Ġlent	24.604460
121	3	ils	4.371333
121	4	Ġseeds	14.823930
121	5	Ġplant	10.685673
121	6	Ġleg	13.319322
121	7	ume	2.004873
121	8	Ġfamily	12.391083
121	9	.	5.474466
121	10	Ġlent	9.187583
121	11	ils	0.257677
121	12	.	6.815273
121	13	Ġlent	7.893301
121	14	ils	0.219463
121	15	Ġmed	14.897169
121	16	iterranean	3.024943
121	17	Ġcu	9.151600
121	18	is	0.873632
121	19	ines	0.011350
121	20	.	2.002293
121	21	Ġlent	1.033345
121	22	ils	0.271998
121	23	Ġsource	12.976357
121	24	Ġprotein	12.532176
121	25	.	1.790797
122	1	<|endoftext|>	0.000000
122	2	Ġlettuce	24.927320
122	3	Ġplant	9.872131
122	4	Ġtemper	19.746184
122	5	ate	2.019140
122	6	Ġclimates	7.523997
122	7	Ġleaf	13.765761
122	8	Ġvegetable	9.713044
122	9	.	9.920106
122	10	Ġlettuce	9.649276
122	11	Ġsalads	12.257636
122	12	Ġdishes	14.717065
122	13	.	3.163765
122	14	Ġlettuce	3.729028
122	15	Ġcrop	11.273681
122	16	Ġbeginners	14.748156
122	17	.	2.092681
122	18	Ġlettuce	1.446965
122	19	Ġleaves	7.512521
122	20	Ġbitterness	18.147396
122	21	.	1.448453
123	1	<|endoftext|>	0.000000
123	2	Ġlibrary	20.222573
123	3	Ġplace	15.735399
123	4	Ġcollection	11.431577
123	5	Ġbooks	11.658778
123	6	Ġdocuments	14.754101
123	7	Ġmedia	10.660954
123	8	.	9.057618
123	9	Ġl	12.819532
123	10	ibr	0.491945
123	11	arians	0.514203
123	12	Ġlibraries	6.744586
123	13	Ġexperts	13.790811
123	14	Ġinformation	6.629009
123	15	.	2.937562
123	16	Ġpeople	10.573810
123	17	Ġlibraries	3.701535
123	18	Ġbooks	6.125630
123	19	Ġweeks	16.776246
123	20	.	4.782149
123	21	Ġlibraries	6.830594
123	22	Ġresearch	6.821373
123	23	Ġbooks	4.713184
123	24	.	4.218719
124	1	<|endoftext|>	0.000000
124	2	Ġlog	19.601047
124	3	Ġcabin	13.083661
124	4	Ġhouse	10.579471
124	5	Ġlogs	11.746243
124	6	.	4.891954
124	7	Ġlog	8.193324
124	8	Ġcabin	0.378426
124	9	Ġsymbol	17.337477
124	10	Ġfrontier	18.573616
124	11	Ġlife	13.651339
124	12	Ġorigins	15.603785
124	13	.	6.101124
124	14	Ġlog	1.829865
124	15	Ġcab	7.091844
124	16	ins	0.301761
124	17	Ġshelters	14.727100
124	18	Ġsettlers	11.785795
124	19	.	2.197310
124	20	Ġlog	0.746901
124	21	Ġcab	1.751011
124	22	ins	0.005638
124	23	Ġlogs	8.248009
124	24	Ġjoints	19.794063
124	25	Ġends	15.403308
124	26	.	2.589629
125	1	<|endoftext|>	0.000000
125	2	Ġman	17.841420
125	3	Ġadult	17.484590
125	4	.	7.132032
125	5	Ġboy	9.934293
125	6	Ġman	6.045183
125	7	Ġpuberty	14.632361
125	8	.	1.897292
125	9	Ġman	2.014488
125	10	hood	9.964828
125	11	Ġmasculinity	11.073092
125	12	Ġvir	12.348463
125	13	ility	1.975709
125	14	.	1.298034
125	15	Ġmen	5.014192
125	16	Ġwomen	11.303996
125	17	Ġheight	12.241283
125	18	Ġweight	11.908058
125	19	Ġbody	6.740326
125	20	Ġstructure	10.256268
125	21	.	1.570831
126	1	<|endoftext|>	0.000000
126	2	Ġmilk	22.346441
126	3	Ġliquid	12.556825
126	4	Ġmammals	18.843718
126	5	Ġtheir	12.142868
126	6	.	12.973558
126	7	Ġanimals	11.651730
126	8	Ġmilk	6.454843
126	9	Ġthey	7.893153
126	10	Ġfood	7.306501
126	11	.	2.193756
126	12	Ġdairy	8.512426
126	13	Ġproducts	3.673667
126	14	Ġcheese	8.699595
126	15	Ġbutter	6.817358
126	16	Ġmilk	3.229071
126	17	.	3.862182
126	18	Ġliquid	8.649021
126	19	Ġsoy	11.426577
126	20	beans	5.037569
126	21	Ġcoc	13.111207
126	22	on	0.834514
126	23	uts	0.006532
126	24	Ġmilk	4.168273
126	25	.	2.321941
127	1	<|endoftext|>	0.000000
127	2	Ġmosquit	27.217402
127	3	os	0.075041
127	4	Ġinsects	16.316161
127	5	Ġsound	13.464629
127	6	.	7.943564
127	7	Ġmosquitoes	13.780429
127	8	Ġmouth	14.683015
127	9	parts	5.408706
127	10	Ġskin	12.188953
127	11	Ġplants	13.130977
127	12	Ġanimals	12.136322
127	13	.	4.784269
127	14	Ġmosquitoes	3.114039
127	15	Ġpeople	11.209850
127	16	Ġanimals	7.670549
127	17	Ġtheir	10.364283
127	18	Ġblood	8.106739
127	19	Ġprotein	11.900000
127	20	.	3.225586
127	21	Ġmosquito	3.373224
127	22	Ġbites	3.183806
127	23	Ġfever	11.983499
127	24	Ġmalaria	9.499766
127	25	Ġdiseases	8.141056
127	26	.	3.760642
128	1	<|endoftext|>	0.000000
128	2	Ġmountain	22.776716
128	3	Ġland	11.724791
128	4	form	9.591693
128	5	Ġland	9.673108
128	6	.	7.374273
128	7	Ġmountains	10.694896
128	8	Ġhills	10.959648
128	9	Ġsnow	10.949375
128	10	Ġtop	10.354193
128	11	.	6.080067
128	12	Ġrange	11.881252
128	13	Ġmountains	5.513162
128	14	Ġforms	14.943658
128	15	Ġplate	15.281684
128	16	Ġcollision	16.722176
128	17	.	2.728864
128	18	Ġmount	9.143054
128	19	aine	2.822801
128	20	ers	1.834281
128	21	Ġpeople	10.990337
128	22	Ġwho	6.122749
128	23	Ġmountains	14.128361
128	24	.	4.037677
129	1	<|endoftext|>	0.000000
129	2	Ġmouth	22.205828
129	3	Ġface	13.355135
129	4	Ġcavity	11.420022
129	5	Ġwe	11.729613
129	6	Ġfood	14.903532
129	7	Ġwe	5.523829
129	8	.	12.564453
129	9	Ġmouth	7.330128
129	10	Ġteeth	5.797620
129	11	Ġfood	8.611509
129	12	Ġit	8.174490
129	13	Ġsaliva	10.873973
129	14	.	4.556873
129	15	Ġmouth	2.194258
129	16	.	5.778750
129	17	Ġspeech	11.135013
129	18	Ġsounds	8.480119
129	19	Ġtongue	9.079131
129	20	Ġplacement	14.840168
129	21	Ġmouth	3.840590
129	22	.	2.066416
130	1	<|endoftext|>	0.000000
130	2	Ġmug	22.238617
130	3	Ġcup	13.638693
130	4	Ġhandle	13.262380
130	5	Ġliquids	20.270658
130	6	.	5.202027
130	7	Ġmug	13.177092
130	8	Ġmetal	11.812370
130	9	Ġglass	8.600533
130	10	.	3.448514
130	11	Ġmug	2.696270
130	12	Ġring	9.674173
130	13	Ġbase	8.555767
130	14	Ġinsulation	14.658306
130	15	.	1.081587
130	16	Ġm	6.058689
130	17	ugs	0.642922
130	18	Ġdrawings	19.680052
130	19	Ġthem	15.970667
130	20	.	2.174644
131	1	<|endoftext|>	0.000000
131	2	Ġmurder	20.439976
131	3	Ġkilling	11.803234
131	4	Ġhuman	16.117014
131	5	Ġbeing	5.415905
131	6	Ġintent	15.459980
131	7	.	7.217007
131	8	Ġcrime	12.560567
131	9	Ġit	11.559744
131	10	Ġvictim	9.910460
131	11	Ġtheir	11.241202
131	12	Ġexistence	10.227954
131	13	.	2.039503
131	14	Ġself	10.168846
131	15	Ġdefense	6.244220
131	16	Ġwar	12.292514
131	17	Ġmurder	9.666624
131	18	.	5.554413
131	19	Ġmurderer	10.317611
131	20	Ġlife	9.562123
131	21	Ġsentence	6.043751
131	22	Ġdeath	5.005639
131	23	Ġpenalty	2.361149
131	24	.	1.320773
132	1	<|endoftext|>	0.000000
132	2	Ġorange	22.700417
132	3	Ġjuice	7.242117
132	4	Ġdrink	9.379767
132	5	Ġliquid	12.729586
132	6	Ġpulp	13.474080
132	7	.	4.485740
132	8	Ġorange	10.088806
132	9	Ġjuice	0.117389
132	10	Ġtaste	10.615472
132	11	Ġlot	11.565071
132	12	Ġvitamin	16.349582
132	13	Ġc	5.903961
132	14	..	10.425083
132	15	Ġorange	4.265444
132	16	Ġjuice	0.143828
132	17	Ġpulp	6.459189
132	18	.	5.975318
132	19	Ġorange	2.487261
132	20	Ġjuice	0.114138
132	21	Ġbreakfast	18.051844
132	22	Ġglass	11.002427
132	23	.	1.515454
133	1	<|endoftext|>	0.000000
133	2	Ġpar	19.032057
133	3	rot	5.030829
133	4	Ġbird	10.650568
133	5	Ġregions	18.368175
133	6	.	4.048486
133	7	Ġpar	9.102118
133	8	rots	3.794367
133	9	Ġfeathers	12.603081
133	10	Ġbe	10.525346
133	11	ak	3.812403
133	12	.	3.744858
133	13	Ġpar	1.795425
133	14	rots	0.794824
133	15	Ġvoice	11.994967
133	16	Ġthey	10.869396
133	17	Ġit	13.058337
133	18	.	1.782356
133	19	Ġtheir	11.410478
133	20	Ġappearance	10.485847
133	21	Ġabilities	15.828238
133	22	Ġthem	11.817467
133	23	Ġpets	12.420367
133	24	.	1.002393
134	1	<|endoftext|>	0.000000
134	2	Ġpeach	24.791566
134	3	Ġorange	10.961219
134	4	Ġfruit	7.686662
134	5	Ġsmell	14.176421
134	6	.	2.826950
134	7	Ġskin	14.910667
134	8	Ġpeach	11.956304
134	9	Ġhairs	15.139795
134	10	.	1.927018
134	11	Ġpe	7.446102
134	12	aches	1.003767
134	13	Ġstone	15.117889
134	14	Ġseed	12.130308
134	15	.	2.231983
134	16	Ġpe	3.911192
134	17	aches	0.312103
134	18	.	5.156467
135	1	<|endoftext|>	0.000000
135	2	Ġpiano	23.664697
135	3	Ġinstrument	10.101507
135	4	Ġmeans	12.513178
135	5	Ġkeyboard	11.125925
135	6	.	3.628309
135	7	Ġpiano	7.929330
135	8	Ġkey	8.438593
135	9	Ġhammer	14.377608
135	10	Ġsteel	16.902218
135	11	Ġstring	5.481582
135	12	.	5.384051
135	13	Ġpiano	1.913315
135	14	Ġnote	7.059983
135	15	Ġrange	14.841643
135	16	Ġpedals	14.425716
135	17	Ġquality	15.785055
135	18	.	4.540708
135	19	Ġpiano	1.694949
135	20	Ġrepertoire	16.893327
135	21	Ġpian	6.770036
135	22	ists	4.645788
135	23	Ġconcerts	13.690229
135	24	.	3.482714
136	1	<|endoftext|>	0.000000
136	2	Ġpir	25.794294
136	3	an	3.971733
136	4	has	2.559611
136	5	Ġfish	12.110506
136	6	Ġrivers	15.361274
136	7	.	3.835791
136	8	Ġattack	17.503174
136	9	Ġschools	15.012894
136	10	Ġday	12.567840
136	11	.	4.686926
136	12	Ġpir	8.366109
136	13	an	0.074033
136	14	has	0.085307
136	15	Ġteeth	13.136229
136	16	Ġcarniv	17.389151
136	17	ores	1.106706
136	18	.	2.272212
136	19	Ġpir	3.798757
136	20	an	0.017153
136	21	has	0.045421
136	22	Ġfish	5.090907
136	23	Ġinsects	14.344521
136	24	Ġl	11.481884
136	25	izards	0.349754
136	26	Ġmammals	9.363552
136	27	Ġcar	10.219638
136	28	r	3.466942
136	29	ion	0.046783
136	30	.	4.096111
137	1	<|endoftext|>	0.000000
137	2	Ġraspberry	24.106051
137	3	Ġfruit	15.677204
137	4	Ġforest	13.234099
137	5	Ġclear	14.002263
137	6	ings	5.099038
137	7	Ġfields	14.766770
137	8	.	6.299818
137	9	Ġraspberry	7.565594
137	10	Ġfruits	5.156449
137	11	.	5.140780
137	12	Ġr	5.205266
137	13	asp	0.346547
137	14	berries	0.003904
137	15	Ġthemselves	16.125734
137	16	Ġsugar	14.384860
137	17	Ġjam	14.874100
137	18	.	1.735852
137	19	Ġleaves	12.196641
137	20	Ġraspberry	5.181129
137	21	Ġte	11.566396
137	22	as	0.383041
137	23	.	1.235226
138	1	<|endoftext|>	0.000000
138	2	Ġraven	23.906865
138	3	Ġbird	12.183126
138	4	Ġclimates	22.453517
138	5	.	4.221989
138	6	Ġraven	10.288625
138	7	s	3.357664
138	8	Ġcar	17.002541
138	9	r	3.844560
138	10	ion	0.073566
138	11	Ġinsects	11.425455
138	12	Ġberries	15.872840
138	13	Ġanimals	10.454507
138	14	.	6.323219
138	15	Ġraven	2.765158
138	16	s	0.858040
138	17	Ġbrains	14.973063
138	18	Ġproblem	15.397820
138	19	.	3.268532
138	20	Ġfolklore	19.400492
138	21	Ġraven	5.548896
138	22	s	0.648770
138	23	Ġbirds	7.477068
138	24	Ġo	11.253992
138	25	men	5.110237
138	26	Ġtrick	13.266462
138	27	sters	4.884381
138	28	.	2.356488
139	1	<|endoftext|>	0.000000
139	2	Ġrefrigerator	24.780565
139	3	Ġdevice	13.765324
139	4	Ġfood	14.045687
139	5	.	5.502440
139	6	Ġrefriger	12.759357
139	7	ators	2.838668
139	8	Ġcompartment	15.991122
139	9	Ġtemperature	10.643424
139	10	.	4.773308
139	11	Ġrefrigerator	4.998167
139	12	Ġshelves	11.936155
139	13	Ġcomp	10.543146
139	14	artments	0.033738
139	15	Ġtypes	14.688019
139	16	Ġfood	7.329256
139	17	.	1.969671
139	18	Ġrefrigerator	2.280322
139	19	Ġpeople	13.537224
139	20	Ġmagnets	18.216960
139	21	Ġits	13.252497
139	22	Ġsurface	10.801317
139	23	.	1.753087
140	1	<|endoftext|>	0.000000
140	2	Ġrifle	22.957389
140	3	Ġfirearm	14.182135
140	4	Ġshoulder	14.184888
140	5	Ġbarrel	8.698797
140	6	Ġgro	13.832347
140	7	oves	0.477789
140	8	.	3.733324
140	9	Ġgro	14.891437
140	10	oves	0.048000
140	11	Ġbullets	16.052962
140	12	Ġrifle	11.842618
140	13	Ġaxis	14.345926
140	14	Ġthey	12.509685
140	15	Ġair	14.236905
140	16	.	6.667813
140	17	Ġrifles	9.030476
140	18	Ġsports	14.184875
140	19	Ġsc	10.013981
140	20	opes	0.388594
140	21	.	4.473803
140	22	Ġassault	13.088268
140	23	Ġrifles	0.830200
140	24	Ġbursts	17.603349
140	25	Ġinfantry	12.268940
140	26	Ġweapon	7.175089
140	27	.	2.047588
141	1	<|endoftext|>	0.000000
141	2	Ġsalmon	24.658130
141	3	Ġfish	8.464120
141	4	Ġwater	12.208226
141	5	Ġocean	16.119865
141	6	Ġspawn	12.923285
141	7	.	5.518942
141	8	Ġsalmon	10.734610
141	9	Ġflesh	11.052067
141	10	Ġprotein	12.657975
141	11	Ġcontent	5.983346
141	12	Ġtaste	15.303909
141	13	.	6.966179
141	14	Ġsalmon	3.820314
141	15	Ġsushi	12.226915
141	16	Ġways	17.640825
141	17	.	3.922367
141	18	Ġsalmon	1.771439
141	19	Ġfish	4.918078
141	20	Ġit	13.042600
141	21	Ġwild	15.880544
141	22	.	2.567411
142	1	<|endoftext|>	0.000000
142	2	Ġsaw	17.954559
142	3	Ġtool	15.869352
142	4	Ġblade	13.096425
142	5	Ġwire	14.281631
142	6	Ġmaterials	16.203476
142	7	.	5.808660
142	8	Ġpoints	15.828917
142	9	Ġside	11.248520
142	10	Ġsaw	11.083557
142	11	Ġteeth	9.922061
142	12	.	2.545617
142	13	Ġsaw	3.850948
142	14	s	4.535681
142	15	Ġhand	8.976085
142	16	Ġmotor	14.512545
142	17	Ġgas	14.355058
142	18	Ġengine	5.927008
142	19	.	3.374728
142	20	Ġsaw	1.937900
142	21	s	2.129526
142	22	Ġforestry	18.707845
142	23	Ġconstruction	10.047270
142	24	Ġcarp	16.101489
142	25	entry	0.062037
142	26	Ġmedicine	13.227775
142	27	.	4.559717
143	1	<|endoftext|>	0.000000
143	2	Ġscientist	22.518165
143	3	Ġstudies	9.942222
143	4	Ġknowledge	12.657813
143	5	Ġworld	16.901987
143	6	.	4.673719
143	7	Ġscientist	13.563487
143	8	Ġhypotheses	14.533328
143	9	Ġexperiments	9.593035
143	10	Ġthem	13.250549
143	11	.	1.242728
143	12	Ġphysics	9.683344
143	13	Ġchemistry	10.402642
143	14	Ġbiology	6.389949
143	15	Ġexamples	12.949310
143	16	Ġsciences	9.069719
143	17	.	6.235547
143	18	Ġscientists	7.685443
143	19	Ġtheir	12.509283
143	20	Ġresearch	4.872070
143	21	Ġjournals	9.926502
143	22	Ġconferences	11.589411
143	23	.	2.985437
144	1	<|endoftext|>	0.000000
144	2	Ġscissors	25.660494
144	3	Ġinstrument	16.606857
144	4	.	4.679373
144	5	Ġblades	14.487993
144	6	Ġplastic	15.396228
144	7	Ġmetal	8.587288
144	8	Ġhandles	8.016102
144	9	.	3.180296
144	10	Ġsize	10.318342
144	11	Ġformat	15.593589
144	12	Ġscissors	8.011343
144	13	Ġpaper	9.476660
144	14	Ġhair	11.276602
144	15	Ġfabric	11.626075
144	16	.	2.898257
144	17	Ġshe	10.671460
144	18	ars	1.288994
144	19	Ġscissors	3.502965
144	20	Ġshr	15.358999
144	21	ubs	0.776668
144	22	Ġpieces	10.976659
144	23	Ġmetal	10.075912
144	24	.	6.808984
145	1	<|endoftext|>	0.000000
145	2	Ġscrew	22.719926
145	3	driver	1.751196
145	4	Ġtool	8.818130
145	5	Ġscrews	10.267417
145	6	Ġsomething	12.376118
145	7	.	5.392922
145	8	Ġscrew	7.124199
145	9	drivers	3.908008
145	10	Ġscrews	6.827411
145	11	Ġthey	16.210034
145	12	.	1.414729
145	13	Ġscrew	1.184284
145	14	driver	2.139228
145	15	Ġtip	9.470777
145	16	Ġtorque	13.626798
145	17	Ġhandle	11.704411
145	18	.	5.263740
145	19	Ġtypes	17.033898
145	20	Ġscrew	1.665152
145	21	drivers	1.458902
145	22	Ġph	15.804265
145	23	ill	2.940669
145	24	ips	0.022872
145	25	.	6.503290
146	1	<|endoftext|>	0.000000
146	2	Ġshark	23.857896
146	3	Ġfish	9.940297
146	4	Ġcart	14.389059
146	5	ilage	2.336633
146	6	Ġskeleton	11.782526
146	7	.	3.980226
146	8	Ġsharks	15.790056
146	9	Ġbodies	15.419886
146	10	Ġdorsal	14.706773
146	11	Ġfin	2.726925
146	12	.	3.522848
146	13	Ġsharks	5.185238
146	14	Ġfish	9.379707
146	15	Ġmammals	17.010511
146	16	Ġjaws	9.240075
146	17	.	1.428805
146	18	Ġsharks	2.082519
146	19	Ġsenses	13.803911
146	20	Ġfields	16.842634
146	21	.	1.161888
147	1	<|endoftext|>	0.000000
147	2	Ġship	19.621316
147	3	Ġvehicle	13.882923
147	4	Ġtravels	14.952766
147	5	Ġwater	12.916569
147	6	.	5.786303
147	7	Ġship	7.529045
147	8	Ġocean	12.599185
147	9	Ġsails	11.204000
147	10	Ġsteam	12.153329
147	11	Ġdiesel	11.224558
147	12	Ġengines	5.122408
147	13	.	2.841741
147	14	Ġships	5.462873
147	15	Ġocean	6.980424
147	16	Ġcargo	10.005443
147	17	Ġcontainers	5.449213
147	18	.	1.626434
147	19	Ġcruise	9.984954
147	20	Ġships	2.699622
147	21	Ġhotels	13.641953
147	22	Ġpeople	12.972812
147	23	Ġcities	12.028062
147	24	.	2.131138
148	1	<|endoftext|>	0.000000
148	2	Ġshoe	23.662034
148	3	Ġclothing	14.609054
148	4	Ġfoot	14.519251
148	5	Ġsole	13.298850
148	6	Ġout	10.670132
148	7	sole	1.831150
148	8	Ġheel	10.101358
148	9	.	5.686305
148	10	Ġshoes	13.707529
148	11	Ġleather	10.630857
148	12	Ġcanvas	11.039880
148	13	Ġrubber	8.422660
148	14	Ġplastic	12.038210
148	15	.	6.097949
148	16	Ġwomen	12.764859
148	17	Ġshoes	4.727216
148	18	Ġheels	9.722855
148	19	Ġstyles	12.746490
148	20	Ġcolors	11.894858
148	21	.	3.097375
148	22	Ġsne	10.738496
148	23	aker	0.080905
148	24	Ġshoe	5.519899
148	25	Ġsports	9.129240
148	26	Ġactivity	13.070509
148	27	.	3.135168
149	1	<|endoftext|>	0.000000
149	2	Ġsoldier	21.659385
149	3	Ġmember	13.310252
149	4	Ġforces	11.508637
149	5	Ġwho	7.984359
149	6	Ġland	12.746531
149	7	.	9.268849
149	8	Ġsoldier	12.985023
149	9	Ġmilitia	12.259858
149	10	Ġuniform	12.603838
149	11	Ġcamouflage	11.115429
149	12	.	4.458707
149	13	Ġvolunteer	12.018754
149	14	Ġarmy	4.911313
149	15	Ġsoldier	4.062499
149	16	Ġhis	14.824511
149	17	Ġher	17.719876
149	18	Ġwork	14.462865
149	19	.	2.433709
149	20	Ġsoldier	3.553580
149	21	Ġweapons	9.891162
149	22	Ġrifles	8.799733
149	23	Ġgrenades	9.783380
149	24	.	2.898990
150	1	<|endoftext|>	0.000000
150	2	Ġspears	26.649298
150	3	Ġweapons	11.186823
150	4	Ġpole	12.905253
150	5	Ġhead	9.275459
150	6	Ġend	9.191472
150	7	.	9.546570
150	8	Ġspears	9.378962
150	9	Ġweapon	3.980765
150	10	Ġadvent	20.464024
150	11	Ġfirearms	21.360237
150	12	.	6.938800
150	13	Ġspears	3.272702
150	14	Ġwar	9.997931
150	15	.	7.849215
150	16	Ġpeople	13.875666
150	17	Ġspear	3.812559
150	18	Ġhunting	9.176996
150	19	Ġfishing	11.089128
150	20	.	2.707900
151	1	<|endoftext|>	0.000000
151	2	Ġspiders	24.234661
151	3	Ġinsects	14.837382
151	4	Ġlegs	13.772739
151	5	Ġsilk	10.298382
151	6	.	7.218635
151	7	Ġspiders	8.623926
151	8	Ġwebs	6.761395
151	9	Ġsilk	5.217262
151	10	Ġthem	13.522795
151	11	Ġinsects	11.170165
151	12	.	4.791560
151	13	Ġspiders	2.035614
151	14	Ġf	9.131369
151	15	angs	1.845512
151	16	Ġtheir	10.090830
151	17	Ġprey	7.356742
151	18	.	1.595412
151	19	Ġspiders	1.122786
151	20	Ġcoin	15.588641
151	21	Ġbird	12.815386
151	22	.	4.392867
152	1	<|endoftext|>	0.000000
152	2	Ġsw	20.014257
152	3	amps	9.052125
152	4	Ġland	13.130300
152	5	Ġinund	16.043059
152	6	ation	4.833355
152	7	.	4.449884
152	8	Ġswamp	14.079457
152	9	Ġwater	5.470165
152	10	Ġmud	14.094486
152	11	Ġvegetation	13.539137
152	12	.	3.207945
152	13	Ġsw	7.405362
152	14	amps	0.526083
152	15	Ġbreeding	16.802539
152	16	Ġgrounds	4.571593
152	17	Ġbirds	13.131624
152	18	Ġreptiles	10.768855
152	19	.	3.991982
152	20	Ġfarmers	13.416334
152	21	Ġsw	8.779482
152	22	amps	0.447008
152	23	Ġland	6.717026
152	24	.	4.745600
153	1	<|endoftext|>	0.000000
153	2	Ġsweater	24.194695
153	3	Ġgarment	14.916234
153	4	Ġtorso	18.198447
153	5	Ġwarmth	13.961023
153	6	.	5.726898
153	7	Ġswe	14.738879
153	8	aters	0.102057
153	9	Ġwool	10.657156
153	10	Ġcotton	7.649403
153	11	.	5.652559
153	12	Ġsweater	6.308983
153	13	Ġfront	10.632624
153	14	Ġcard	11.098608
153	15	igan	0.567158
153	16	.	4.157273
153	17	Ġswe	4.493144
153	18	aters	0.243508
153	19	Ġcut	12.922091
153	20	Ġcollar	9.451691
153	21	Ġsleeve	6.415174
153	22	Ġshape	10.882107
153	23	Ġdecoration	16.149233
153	24	.	1.643727
154	1	<|endoftext|>	0.000000
154	2	Ġtable	19.893203
154	3	Ġpiece	16.035331
154	4	Ġfurniture	13.240903
154	5	Ġsurface	12.258871
154	6	Ġlegs	14.941634
154	7	.	7.981357
154	8	Ġthere	13.241506
154	9	Ġchairs	20.680841
154	10	Ġtable	6.025065
154	11	Ġpeople	13.375355
154	12	.	5.364313
154	13	Ġpeople	7.528001
154	14	Ġcut	13.312001
154	15	ler	7.062494
154	16	y	0.001912
154	17	Ġplates	10.908811
154	18	Ġfood	7.797259
154	19	Ġtable	2.362140
154	20	Ġmeal	10.246071
154	21	.	6.331232
154	22	Ġtables	5.107692
154	23	Ġsurfaces	12.644885
154	24	.	5.223695
155	1	<|endoftext|>	0.000000
155	2	Ġtelevision	20.881611
155	3	Ġappliance	17.769481
155	4	Ġscreen	12.462648
155	5	Ġimages	11.696997
155	6	.	3.998636
155	7	Ġtelev	17.670887
155	8	isions	0.421221
155	9	Ġprograms	12.300217
155	10	Ġfilms	11.314880
155	11	.	4.147706
155	12	Ġthey	11.955480
155	13	Ġvideog	16.994947
155	14	ames	0.100478
155	15	Ġgame	8.546765
155	16	Ġconsole	6.000846
155	17	.	3.330462
155	18	Ġtelevision	5.720849
155	19	Ġcontent	8.405487
155	20	Ġcable	9.882329
155	21	Ġinternet	6.628044
155	22	.	5.505640
156	1	<|endoftext|>	0.000000
156	2	Ġtheft	21.542684
156	3	Ġtaking	12.355329
156	4	Ġperson	17.351160
156	5	Ġproperty	9.775038
156	6	Ġtheir	14.003770
156	7	Ġconsent	10.911837
156	8	.	4.693165
156	9	Ġthieves	14.971332
156	10	Ġsomething	14.335765
156	11	Ġit	9.240545
156	12	Ġreceivers	18.813467
156	13	.	4.572935
156	14	Ġtheft	4.660007
156	15	Ġcrime	11.293089
156	16	Ġjail	15.010538
156	17	Ġfines	11.968732
156	18	.	2.833594
156	19	Ġespionage	15.029644
156	20	Ġtheft	3.527490
156	21	Ġideas	14.041061
156	22	Ġproperty	12.023434
156	23	.	2.787830
157	1	<|endoftext|>	0.000000
157	2	Ġto	10.430150
157	3	aster	11.226060
157	4	Ġkitchen	12.473917
157	5	Ġappliance	5.054702
157	6	Ġbread	12.664890
157	7	Ġheating	13.726233
157	8	Ġelements	10.175023
157	9	.	3.702354
157	10	Ġpop	16.820137
157	11	Ġto	6.796258
157	12	asters	3.342477
157	13	Ġbread	7.661625
157	14	Ġslot	19.621955
157	15	Ġit	11.276021
157	16	.	5.461970
157	17	Ġto	5.730462
157	18	aster	0.375925
157	19	Ġoven	1.571653
157	20	s	5.766342
157	21	Ġdoor	9.531669
157	22	Ġside	9.526953
157	23	Ġtray	7.963553
157	24	Ġtemperature	11.037025
157	25	Ġcontrol	4.588039
157	26	.	1.955766
157	27	Ġthey	11.495667
157	28	Ġbread	11.081146
157	29	Ġtopp	12.408733
157	30	ings	0.008849
157	31	Ġgarlic	13.013067
157	32	Ġcheese	8.607806
157	33	.	5.127720
158	1	<|endoftext|>	0.000000
158	2	Ġtomato	23.022632
158	3	Ġfruit	11.093532
158	4	Ġtaste	11.104561
158	5	.	4.519551
158	6	Ġtomato	10.446896
158	7	Ġchanges	15.359733
158	8	Ġcolor	3.177705
158	9	Ġit	11.507425
158	10	.	5.472827
158	11	Ġtomatoes	5.250602
158	12	Ġsalads	15.350450
158	13	Ġsoup	13.066735
158	14	Ġk	10.941597
158	15	etchup	1.249110
158	16	Ġsauce	5.354731
158	17	.	3.321487
158	18	Ġthere	10.633585
158	19	Ġvarieties	16.280959
158	20	Ġtomato	7.223139
158	21	Ġsizes	14.297364
158	22	Ġtastes	13.291548
158	23	.	2.776513
159	1	<|endoftext|>	0.000000
159	2	Ġtrain	20.282770
159	3	Ġseries	11.987363
159	4	Ġcars	12.340284
159	5	Ġstations	16.514766
159	6	Ġtrack	11.964310
159	7	.	6.217380
159	8	Ġtrain	9.624922
159	9	Ġlocom	11.328979
159	10	otive	2.499334
159	11	Ġdiesel	12.739726
159	12	Ġelectricity	12.594479
159	13	.	5.526407
159	14	Ġfreight	10.084146
159	15	Ġtrain	1.932777
159	16	Ġtransports	11.607548
159	17	Ġcontainers	11.913281
159	18	Ġgoods	11.317903
159	19	Ġfuel	14.642347
159	20	Ġdistances	19.651013
159	21	.	2.467854
159	22	Ġcommuter	10.075725
159	23	Ġpeople	16.581886
159	24	Ġsuburbs	15.450780
159	25	Ġstations	7.860767
159	26	Ġcity	10.626728
159	27	.	5.391732
160	1	<|endoftext|>	0.000000
160	2	Ġtrain	20.282770
160	3	Ġstation	7.674643
160	4	Ġplace	14.275534
160	5	Ġpassengers	11.926859
160	6	Ġtrain	9.681055
160	7	.	7.127904
160	8	Ġtrain	7.292772
160	9	Ġstations	5.198257
160	10	Ġcounters	18.440595
160	11	Ġmachines	14.466714
160	12	Ġtickets	11.739902
160	13	.	2.741035
160	14	Ġthere	11.362764
160	15	Ġrooms	12.607287
160	16	Ġplaces	10.580741
160	17	Ġstation	6.319668
160	18	.	3.493970
160	19	Ġpassengers	7.135160
160	20	Ġcargo	13.620791
160	21	Ġtrains	5.720916
160	22	Ġplatform	9.788351
160	23	Ġline	9.916623
160	24	.	2.049562
161	1	<|endoftext|>	0.000000
161	2	Ġcycl	24.086448
161	3	one	2.922079
161	4	Ġstorm	9.037549
161	5	Ġsea	13.148866
161	6	.	7.632889
161	7	Ġcycl	11.268514
161	8	ones	5.141515
161	9	Ġwinds	12.430874
161	10	Ġrain	10.721712
161	11	.	2.099553
161	12	Ġcycl	2.665613
161	13	one	1.596441
161	14	Ġwaves	5.532819
161	15	Ġflooding	8.528999
161	16	.	0.688864
161	17	Ġcycl	2.400470
161	18	one	0.704663
161	19	Ġproperty	16.863250
161	20	.	3.715669
162	1	<|endoftext|>	0.000000
162	2	Ġviolin	24.441536
162	3	Ġinstrument	9.228162
162	4	Ġstrings	11.906297
162	5	Ġbow	12.723703
162	6	.	5.334412
162	7	Ġviolin	10.940184
162	8	Ġinstrument	4.228331
162	9	Ġits	16.358375
162	10	Ġfamily	14.651554
162	11	.	2.739950
162	12	Ġviolin	3.616734
162	13	ist	8.014840
162	14	Ġinstrument	7.046512
162	15	Ġchin	16.766988
162	16	Ġcollar	11.190111
162	17	bone	11.545733
162	18	.	1.117951
162	19	Ġnotes	15.126116
162	20	Ġneck	8.915677
162	21	Ġhand	11.614120
162	22	.	2.671973
163	1	<|endoftext|>	0.000000
163	2	Ġv	16.193353
163	3	ult	9.435168
163	4	ures	0.147942
163	5	Ġbirds	15.837533
163	6	Ġcarc	12.642690
163	7	asses	0.925270
163	8	Ġanimals	10.310048
163	9	.	8.214654
163	10	Ġv	5.139932
163	11	ult	0.114067
163	12	ures	0.018951
163	13	Ġhead	11.041796
163	14	Ġfeathers	5.630578
163	15	Ġheat	13.824541
163	16	.	4.414823
163	17	Ġv	0.851564
163	18	ult	0.049158
163	19	ures	0.009524
163	20	Ġtheir	11.985573
163	21	Ġwings	5.375489
163	22	Ġmiles	18.270240
163	23	.	2.007183
163	24	Ġv	0.442935
163	25	ult	0.032738
163	26	ures	0.012130
163	27	Ġanimals	10.704418
163	28	.	3.701874
164	1	<|endoftext|>	0.000000
164	2	Ġwall	20.734867
164	3	Ġstructure	15.706336
164	4	Ġarea	11.321255
164	5	.	3.673044
164	6	Ġwalls	12.503978
164	7	Ġbuilding	12.489127
164	8	Ġroof	12.984481
164	9	Ġspace	8.304881
164	10	Ġrooms	14.546967
164	11	.	3.445555
164	12	Ġwalls	4.748277
164	13	Ġstone	11.792490
164	14	Ġbrick	9.330569
164	15	Ġcement	11.805052
164	16	Ġdry	11.001902
164	17	wall	0.421233
164	18	.	4.838542
164	19	Ġwalls	3.355438
164	20	Ġbarrier	12.706893
164	21	Ġmovement	13.799603
164	22	Ġearth	12.158092
164	23	Ġstone	5.476333
164	24	Ġwater	7.931475
164	25	.	4.451852
165	1	<|endoftext|>	0.000000
165	2	Ġwater	18.728223
165	3	Ġliquid	13.802828
165	4	Ġearth	13.150626
165	5	Ġ%	11.553307
165	6	Ġits	12.799166
165	7	Ġarea	8.145756
165	8	.	6.541898
165	9	Ġplants	13.904738
165	10	Ġanimals	13.764773
165	11	Ġpeople	9.998576
165	12	Ġwater	5.231853
165	13	Ġorder	13.184381
165	14	.	5.234629
165	15	Ġwater	4.218672
165	16	Ġtemperature	8.640584
165	17	Ġice	10.475392
165	18	.	8.677161
165	19	Ġrain	8.315985
165	20	Ġwater	2.022459
165	21	Ġclouds	8.504527
165	22	Ġsky	8.848615
165	23	Ġvapor	12.918126
165	24	.	2.413696
166	1	<|endoftext|>	0.000000
166	2	Ġwhale	24.023566
166	3	Ġmammal	12.437320
166	4	Ġocean	12.905020
166	5	.	7.065996
166	6	Ġwhales	13.830944
166	7	Ġblow	13.562462
166	8	holes	13.330478
166	9	Ġtheir	12.316231
166	10	Ġheads	4.364404
166	11	.	4.046268
166	12	Ġbl	9.204649
166	13	ub	3.069026
166	14	ber	0.099994
166	15	Ġwhale	5.076878
166	16	Ġenergy	14.387531
166	17	Ġreservoir	10.994706
166	18	Ġinsulation	17.097915
166	19	.	1.533119
166	20	Ġwhales	5.654400
166	21	Ġmeat	12.540759
166	22	Ġwhale	6.369337
166	23	Ġoil	6.091998
166	24	Ġamber	15.059055
166	25	gr	9.842059
166	26	is	0.181647
166	27	.	1.448631
167	1	<|endoftext|>	0.000000
167	2	Ġwindow	20.257349
167	3	Ġopening	12.462763
167	4	Ġwall	15.615604
167	5	Ġlight	13.048881
167	6	.	5.194832
167	7	Ġwindow	8.624297
167	8	Ġsheets	18.286654
167	9	Ġglass	10.420118
167	10	Ġplace	14.804770
167	11	Ġframes	8.589035
167	12	.	2.923543
167	13	Ġwindow	4.005511
167	14	Ġair	10.529699
167	15	.	6.315910
167	16	Ġwindows	4.617001
167	17	Ġpan	9.035695
167	18	es	1.124700
167	19	Ġinsulation	12.828175
167	20	.	1.536868
168	1	<|endoftext|>	0.000000
168	2	Ġwoman	19.659829
168	3	Ġadult	17.583132
168	4	.	6.779216
168	5	Ġwoman	11.123920
168	6	Ġcareg	13.930919
168	7	iver	0.003579
168	8	.	1.753796
168	9	Ġwoman	3.032381
168	10	Ġchildren	8.626750
168	11	.	1.272557
168	12	Ġwoman	1.787228
168	13	Ġorgans	13.566523
168	14	Ġman	11.064886
168	15	.	1.229203
